1061.54411537656
2301.58930413757
1190.18032537192
1235.71913015735
2574.99243703043
1642.03910455323
1596.82928977453
1196.8192525682
1041.51751509439
1056.84198642203
1722.41114155021
1357.14761599998
5471.96534386155
1120.54669688696
1710.66085925845
1381.97490689955
1303.36432976453
1048.7662769776
1537.91108348255
2069.11583342126
1379.20168512261
2942.33766123442
1049.06049112463
1060.98053837501
1170.79884956474
2056.1272807179
1348.83480351007
1315.59340090085
1927.23236553166
1292.19645753131
1287.56752119597
1348.13142430663
1309.54166846721
1020.86935816666
1158.98012388928
1233.71449987835
1015.78452524232
1137.55709177513
1172.27734995745
2996.47276774835
1128.38536391217
1148.85725632838
1150.48747238897
1678.92434447395
1210.38622262266
1063.60917581372
1104.45375198501
1337.47631337531
11718.7943833462
1799.71607358552
2189.02335027867
1323.26876621029
1549.88200007821
1089.04986114393
1140.18825460095
1293.69991912473
2409.00493482848
2917.12572385567
1148.1814342341
1130.01968818176
1063.15840358853
1587.494348276
1101.96701197539
1234.40104549347
1237.58525011728
1287.97289956676
1330.10565111769
1009.71651371338
2909.71052070886
1319.7443646109
1291.18720821542
2397.89441783669
1023.69953973583
1108.60427601836
1002.73396379548
1834.11560533995
1725.19182178937
1344.3530323571
2243.57231155301
1461.82075313001
1595.51868477637
1506.23408969426
1014.53379996347
1136.95396576828
1145.27459070779
3197.90236936263
2662.65320234481
1023.25933141505
1275.60579370408
1035.17075665764
1232.98318492414
1166.90046720438
1038.77239857817
1665.50291572403
1204.38247002553
1105.07125528283
1271.20661669623
1442.12055090918
1022.47442604678
1017.40264671188
1103.46153746498
1065.37948612612
1425.26868289529
1439.72177612726
1189.07154444569
1343.95265411495
1257.60981257127
1808.48948774266
1006.42180169513
1212.81260824608
1070.29184552175
1060.92076264877
1032.11966273473
2579.32572987304
1815.84471680016
1072.12468103594
1122.98386983478
1533.26947113573
1750.96377867171
1027.02209910048
1098.3406089021
1302.51177307917
1577.87945522612
1065.05000123705
1100.65963894621
1414.13864964838
1196.94603156626
1545.5406147199
1469.43197865878
1853.02165272132
1533.01078997817
1074.0367453354
1966.85180922921
1074.13277542742
1072.73319920612
1969.09577304806
2838.664913258
1127.51334446527
1560.91664075091
1125.06587279582
1082.02872094837
1213.31064501568
1124.00775701091
1009.67352438588
1130.1996061141
1193.06554311888
1045.70923801945
1245.20500113144
1000.29375830577
1393.63137447962
4533.93631444135
1163.63241987934
1213.44165433053
2978.95550671994
1501.73172471074
1069.94782950932
1019.56254195452
1072.36641915011
2548.52701467244
1370.86671682558
1288.68295816624
2254.20728761196
1952.38055508325
2119.77310195223
1267.75687250889
1035.82679830637
1913.48372945758
1125.9395677688
1168.33731539443
1027.57701597055
1734.08495795561
2252.07227500564
4070.92210282629
1003.35216173835
1367.19070129678
1043.65569603373
1845.96811277627
1775.92910142345
1015.02999349591
1898.97146650423
1211.15825410962
1734.31961342709
1272.84430307733
1186.44329338342
1256.67341610892
3927.61745266638
1855.72477134936
1174.46057357657
1566.00804283276
1930.9621028743
1119.83256958629
2922.03564359896
1504.22425302395
1466.4040421672
1569.68815335915
1282.0510254959
2965.59318264756
1596.4070437476
1210.38159479561
1155.57644952432
2505.22505754367
1100.59236465974
1743.19920523795
1040.97203193763
1603.57373216745
1399.16113926573
1069.73351876313
1912.74019791357
1042.11993413845
1128.08434761556
1064.86146226257
1160.49346323086
2169.90832439131
2303.0349028407
2120.22541325051
1962.78004943667
1025.24317526796
1771.2428644102
1095.61301565107
2134.5717847683
1101.02548126945
1053.37449296046
1050.17452081401
1356.26059783437
1357.83168077235
1653.39902850129
1124.42459281257
1916.25135075159
2335.73970559094
1822.10682180759
1030.00748296243
1264.67900931499
1006.05142338654
1152.4201727663
4294.50573748104
1041.30104100934
1194.72896425865
1469.19024553467
3876.59792619319
1220.95171585722
2133.23990265534
1246.15129962973
1031.68106562256
1144.6789585758
1279.42213511706
1067.55517849765
1459.30778181438
1647.82630339864
1502.10109260234
1017.63698090047
2190.52953918042
1272.52270668492
1013.1696986614
2125.53965140773
1172.64916582146
1655.4077754463
2220.07858596537
1105.16636547923
1193.58884924111
1426.49552209929
1060.73150034537
1099.41680336136
1218.27022998846
1487.29130616135
4073.48851144331
1161.94085698646
1477.99648974275
2226.94736522185
3027.65673255304
3498.70069773573
1635.51033928529
2163.78793467142
1081.90150746632
1099.74422166534
1553.28198462747
1291.58673324405
1189.16273442979
1073.72447193866
2882.25849231518
1174.66231702511
2496.92956167456
1084.42856888668
1080.58475509287
1417.25836286848
1055.85575551744
1029.275147687
1010.04522925658
1421.3006031997
1588.82213791368
1422.13966068411
2162.50037713926
2182.05649928983
2072.61432674579
1337.61610790661
2696.32440890552
1051.87856752213
1529.45861851675
1010.88726355959
1032.81128060764
1329.51414386979
3865.05711348728
1263.56602683975
2173.13849655192
1758.41799925828
1155.32068468108
1224.31486318404
1318.94045371176
2458.69600679065
1314.87822060736
4624.36824951572
1244.55467721376
1102.57490581646
1041.93680316059
1870.71435000376
1054.06908803796
1095.19268874705
1361.15303676501
1651.4332088224
1137.96146620565
1012.80068740984
1613.49408336557
1071.68833127327
1392.145664963
1656.45097322309
1419.68881873482
2041.0119748712
1235.49430767531
1126.59848262687
1305.84914886964
1330.76471066007
1002.83568747223
1270.34770050118
1219.2987962161
1195.62165050417
1609.7262388692
1174.8704482669
1191.42436661117
1042.20086686671
1168.16263140071
1105.34511942841
4979.80468492083
1525.75887473147
1024.50748436558
1066.19637137614
1080.22438829591
1788.3079125042
1823.52214251416
1427.52060308156
1571.66200370804
2074.84258114785
1504.81504615091
1017.77448331723
3170.70915734131
1894.18784115539
1005.84594551689
1121.04872368456
1306.24682829692
1909.71090176464
2193.30490994274
1656.90658534522
1082.43478980835
4111.27030306967
1392.23828595676
1938.01374366495
1321.48466417933
1106.31695720474
2338.1150033421
1127.82452836958
2079.61234293262
1649.53594381553
2124.22449954051
1237.12445726498
1121.2765133635
2576.73676416122
1112.77430981349
1035.11005550927
1108.88321287049
2123.73711569215
2858.40792752465
1247.96667161895
1108.81696158218
1554.0690609671
1778.36170018511
1101.12468025159
1404.37812013956
1484.37386342539
1108.21392744783
2535.59749073067
1055.62734591319
1461.17742265984
2430.46724762223
1274.75564708007
1311.27055321045
4966.48978414891
3017.38522879215
2402.20260619435
1550.13468466953
1141.91039839638
2191.00979538804
1130.15210794751
1115.24450363559
1007.72964294416
1470.68243411646
1208.73791649126
1193.33706787163
3532.78666519642
1569.08296505209
1067.90373205592
1366.18600665678
1369.87564985222
1214.37742969671
1112.21003103078
1326.03941167076
1184.07726198126
3186.86366984826
1182.3497868799
1207.83736815044
1195.26248281861
1396.86141448584
3669.85550730625
1078.00172458346
1193.98634941301
1328.18036351112
1348.39935534457
1160.52539421085
1142.55858815444
1169.40416475856
1161.58942887107
2840.1152005304
1345.06648373273
1917.19064897842
2581.79245122292
1753.56491117954
1080.10850617502
2091.4423818252
1001.5331994206
1149.98953442174
2329.93509998861
1783.1219082894
2484.15284874244
1654.50594968542
1234.92940736284
3338.61896101498
1001.96959499496
1194.59900228434
1006.19759646124
1182.52837771847
1192.52114746549
1952.98751346349
1578.54338444096
1241.22508882662
4008.22043910574
1031.94835516977
1464.19617215132
1188.4292709418
1666.72803928254
1041.56372533375
1777.88188520256
1391.0459903711
2009.20014048222
1123.30575527092
1405.68211425022
1844.8179739881
3081.21133570071
1910.90966686202
1090.30335912332
1008.77031151238
2104.94176181806
1005.69278890517
1260.87114483598
1713.29078024762
2868.99545405497
1039.28032432072
2509.21492536201
1218.5401143703
3045.21992536505
1653.21110098506
1038.49523066674
1053.35885805217
1815.07633016097
1140.41991835239
1131.17326820851
3022.16823453416
1045.77690787684
1097.77179420402
1540.95351838327
1090.92085841259
1009.21151848952
1057.26403990854
1024.84770352285
1157.31794150541
1738.8385437995
1050.63165042254
1208.32549655423
1179.3645548699
1000.92603052928
1300.0766005488
1033.59430823873
7250.01182326725
1215.54758296608
1091.65678386083
1786.56523754946
1517.82169603182
1353.27979283439
1015.33183772324
3235.99783822806
1472.28959579714
1021.20111319102
1297.08846941336
1342.01719597642
1061.77918250391
1496.63259943979
2233.96936523201
1121.31768078308
1010.18308967643
1915.50183164013
1153.56485208454
1596.01826108145
1213.09232591908
1614.89918986954
1117.67991268061
1187.90088359318
1132.11968673958
1024.2586651597
1073.6689893654
1063.55931926926
1001.98553086323
1153.59495506482
1096.16131183224
1217.08833376658
1219.73162988575
1688.26493155356
1027.23942583683
1218.02199655683
1016.78532834992
1564.82598284997
1270.43597652791
1484.60926687353
1315.94502330511
1245.83141192513
1009.85431892041
1084.55041739805
6940.00104963256
2157.28436516017
1128.86036195072
1320.51050010704
1965.28533270756
1590.33576183094
2030.43544450541
1176.0542233452
1347.60073321251
1086.07582742753
1202.45149641392
1254.18091440156
1235.95980615514
3523.28021074374
1185.77095819822
2163.46657159109
1405.67243817628
4874.1241098419
1213.2415676215
2021.13703584291
1440.42684243007
1111.68775775998
1963.75210235764
1067.71402584071
1006.37445717531
1205.70181237735
2174.80737180335
1684.67135552453
2893.87542251062
1073.42138980555
1241.92459964309
2285.91462272658
1610.33110867953
1188.92033160515
1549.49850926625
1295.31064234574
1109.61174753666
1071.41380745811
1023.27870377317
1080.84810128133
2471.84788301517
1547.66186596451
1062.71190670049
1082.2170045547
1128.031040211
1282.96501422323
1644.16051103231
1302.8550602608
2330.77115314171
1916.47430344117
1127.78098618445
1206.13916452654
1038.81613070872
1302.31832785486
1131.27120034801
1280.3375618018
2017.73967920434
3215.24101474342
1578.25997244359
1145.72230247327
1119.73301599411
1189.98826879581
1740.79024605511
1101.09390762225
2133.93656171208
1066.95563860377
1075.06714727906
2086.31700988105
1226.52829022013
1052.99114715794
1176.77913210327
1112.48974162307
2319.98039842377
4786.66063394275
1177.19861765754
2005.65748456313
1543.47628274173
1314.58929603206
1085.35739937387
1090.12679170839
1794.89384413027
1057.11090697771
1893.63068259853
2305.74424448181
1071.97688644153
2306.17783628958
1037.00090798033
1016.82613145633
1031.97169812744
1058.44444726475
1324.07479515212
1006.45784233826
1051.19321989143
1320.91811917317
1009.4683915678
1001.49783895624
2918.59524210755
1867.87593175249
1085.99313286722
1467.94182499156
1356.83992510892
1709.31866179119
1062.13382049861
1010.31598000327
1205.68699672987
2599.1862012066
1513.34436913362
1618.05039026717
1210.80985256574
1109.56357594537
1023.00919610546
7566.61349810711
1317.72590407621
1398.76060026596
2242.4129208547
2103.05859384438
5926.49689348152
1534.58876153867
1098.69802826703
2930.9412144415
1139.51609628852
1639.38564908244
1430.74537326132
3962.94918804506
1097.13023535948
1749.12409933891
1243.12736811546
1137.15185247548
1935.03098737331
1057.94015548334
1127.45510595633
1519.39743044397
1083.64728259196
1430.55750666606
1928.54545295729
1091.48905461792
1164.37857776596
3833.72153496651
1376.55296310744
1429.29413104387
1050.25108432504
1225.11137154124
1209.33309758632
1383.7281156284
1309.89097832886
1689.17022254264
1427.99126819376
1244.61296701474
1074.95840345397
1080.59160211902
1236.33545972486
1138.23472454434
2164.13373532955
1679.6537512971
1635.50625316076
1086.47111711836
1021.52993348253
1509.47057572232
3089.40417548648
1620.72226478568
2423.79994163941
1109.341457674
1271.70825655954
1203.48264647237
2524.12155214371
6033.68949990659
1349.28404472939
1310.03502430817
1191.34867701945
2026.45356191283
1366.85136631518
1003.24560569174
1107.89850808284
1147.25901800809
1147.16216703378
1595.63354558252
1792.33986082791
1184.68299465061
1183.92826947451
1197.32630653201
2021.15615231687
1615.75448258047
1268.01453270831
1423.12617089816
1077.69863945381
3879.63525564065
1255.96805322455
2842.78093127023
1382.98064331563
3576.50571369838
1132.36353432199
1513.42016956897
1234.47080535984
1147.12866724247
1224.06085782579
1434.77396785046
2220.39911543179
1241.85338707387
1147.28464471293
1374.27334862717
1503.56069798643
1292.54689195533
1761.61105768745
1176.2263855496
1297.94652147146
1388.64658310437
1169.28454185209
1217.52981348927
1043.88296054861
6164.98405679787
1365.78276947059
1297.28751137263
1613.51633645021
3555.94397737291
4117.07632432443
2329.94443556728
1326.81373167882
1268.2961674762
1055.4812692146
1255.74208738763
1096.49366072985
1624.47573082075
8765.89567003437
1578.75263747405
2404.21888690561
2421.70390313685
1120.50056722456
1042.60472437473
1613.80924740553
1068.84603972839
1026.60949378644
1627.72046669543
3180.99682872679
1681.71790190353
1140.66595314608
1985.0959720878
1219.31456969286
1245.02520514583
1410.48800582255
1044.51633432156
1492.33521364724
1070.69134130804
1208.87229128716
1574.79072305546
1541.10280000211
1054.66819376703
1341.54541849607
1039.42226822228
2938.95216247501
1208.26279505269
1250.91779443554
1125.95344890568
1397.05455440058
1074.21005116352
1155.00632532645
1056.5140632663
1373.12030912732
3608.02853683173
1545.68042077952
3128.35699841046
1176.62081161395
2903.15158764952
1206.78745874503
2543.51564581433
1820.18116804821
1033.4062859951
1140.32269290086
1102.60119609984
1388.68023299901
1083.71435699252
1012.87239324352
1161.0266391421
1280.88558759401
3869.94050412874
1328.77808085729
1225.5171437021
1029.69235946678
1071.14785442081
1555.93802477761
1021.65974104681
1651.79494986779
1156.03801570436
1363.01360113444
1921.0353742875
2424.79012559808
1020.05826747753
1180.09000105703
1973.06068701884
2645.29960274204
1167.64641876449
1399.70425644148
1112.9928703836
1063.64253159353
1246.81914590474
1168.91996320315
1770.45531454397
1886.88295792522
1274.63436664025
1016.97716025457
2263.15707324413
1881.61244827811
1054.01844749356
1917.44059500869
1144.04939632745
26730.6810532826
1364.16595026934
1382.86175367896
1681.66009200284
1408.40568603794
1323.6363473119
1953.47441338019
1107.72049891137
1687.38183882337
1265.82713348367
1927.57982077343
1039.37397659944
1032.12255205623
1502.27826772283
1185.10545101125
1057.83221453134
2581.73007538238
1484.96211882538
1131.83825303317
1035.33295770177
1031.59266655838
1160.19003987814
1215.77452928242
2712.00332156701
1068.79205694076
1167.99238543578
1036.21840568145
1118.03762188113
1329.23963592016
1024.71564146913
1165.27955200797
2593.780994049
1184.2731282765
1416.84975173711
1597.84542464057
2349.11286046752
2933.15345639722
1169.11131252559
1306.04483250966
1419.379424792
1142.15285644527
5463.36223482417
1015.36334908266
1099.83294065095
1464.8277377228
1233.18725526674
1069.58305908288
1491.14505017808
1153.85750429809
1147.24332621426
1285.5595123118
1807.14585466338
1982.26081721935
1606.31457996977
2605.83674742306
2720.39186669286
3205.77461288903
3975.64013721731
1167.56803733697
1628.35267762369
1863.93705588733
1118.34524047408
1243.74126548808
1098.81151531146
1719.77976761104
1411.74199686044
1629.26943435983
1655.96972934933
1052.31892140159
1259.63385410164
1244.43890252244
1221.58374103437
3422.8345564924
1418.44616343256
1064.74423901186
1048.28485249009
1065.57981616142
3812.06906481997
2930.04529748981
1111.14276180134
1201.0975852592
1482.74834257599
1292.44165947818
1103.13493236101
2114.22896552769
7397.41670188949
1450.91641125019
1042.07434117985
2025.97632560264
1781.41708494549
1298.40100508709
1370.88070579295
1158.17437139063
1602.32724590962
1056.93176866994
1645.28449429734
1552.17492106165
1003.39068318851
1865.74107963677
1019.92832813129
1268.66672784986
1078.64518114798
1084.31521261526
1231.69398666164
1187.17749948641
1084.50524249426
1024.56964122011
1183.38095922726
1688.74775205728
1004.58021976055
1011.50143554894
1164.93223275184
1540.59853918563
1236.92777029689
3115.7957482504
1052.16670494365
2154.3006259109
1246.9533819561
1788.51876327719
1719.5079076935
1040.99764806472
1490.69993902291
1250.32444079983
1906.33580751143
1130.41683315745
1014.6879731452
1836.57395406039
2180.41675489178
1093.27876256681
1821.27562467164
1378.60574875549
1009.03986444289
2413.89817187556
1193.14805450416
1025.52975744657
2700.67654241469
1038.82421686577
1181.32974995821
2938.27708263422
1002.96641959054
1468.18280873024
1340.43162263021
2419.82530851776
1483.22967739383
1326.97956435013
2199.15367062253
1069.66353359896
1341.79412163764
1024.7887069049
1433.52100050555
1367.84204501005
1811.72203824169
3589.67301755185
1047.08647297815
1936.93794407438
1218.18144361296
1104.52879142129
4970.45473977855
2098.7203670092
1105.36629065152
1192.2336096322
1583.98887359656
1177.37529945695
1272.72499927028
1362.60522490649
1252.5080644643
1042.66351262885
1749.25271647079
1325.61150308822
1175.70032736462
1344.03871239695
1081.02428853631
1098.42050236581
1117.51178629931
2358.42712995078
1083.75908791531
22785.6231729951
2388.47926430198
1310.59709230186
1461.02881747722
1748.32645578584
1808.05657459855
1004.91115124546
1026.06696986763
1640.91198902923
1894.22700750927
2661.79408138424
2816.07834968751
2324.75415121901
1553.64899124512
1124.09030105608
1027.25273849739
5584.60709169168
1817.03298622518
1138.2433233273
1377.43432210101
3020.3152955022
1074.60304364281
1164.33879531017
7211.37436444781
1377.21441451169
1540.43991593325
1129.8767489477
1341.24284283002
2138.22909988064
1275.36959788862
1770.02918140236
2434.05053328086
1024.54969482753
1513.05076492576
1005.1008367141
1708.38248477586
1054.61007447626
1281.416434382
1312.0987105305
1091.47799863982
1029.71056079715
1330.38895243043
1101.17646332294
1698.16870283875
1282.52703738902
2039.6063213416
1324.85747365942
1258.84950888421
1353.4926523446
2061.92494428833
1034.03741455702
1364.83984813128
2323.53434141963
1958.65510260763
1581.58189172634
1279.81344710388
1856.9065876167
1098.6621414529
1035.9438873062
1129.27444007883
1768.09926489696
5174.81160876838
2711.51359150972
2788.80760396757
2393.49513647794
1242.33797247089
1073.90635699819
1163.7179749942
1028.19032154644
1148.89997428726
1804.11337109629
1339.651518441
2490.84449883969
2446.11742438141
1353.59459556964
1267.27557981818
1070.80828491317
1061.55609682066
1194.86608593469
1131.31756929794
1005.32395184909
1158.52875857241
1031.78463481589
1176.30958253218
1078.59892042915
1016.34543796825
1553.99360788746
1363.28143369893
2481.3751696346
1884.48928922581
1454.85433855576
1367.08871139721
1208.58892245374
1245.6022503766
1431.48110627648
1275.9400182747
1106.61625660729
1297.48773799866
1310.53433954807
1418.94784569598
1014.68862049233
2158.49155564324
2569.13309727067
1043.6609681431
1351.10579887756
1276.00160735847
1712.43827544043
1079.03555050323
1075.39421744637
3123.84418554938
1275.03876975678
1340.76473433634
1165.66863656721
1237.63701723853
1629.96807094239
1010.54388122441
1540.39432738584
1142.46185466152
1004.72290650351
1310.26557208987
1299.34678026247
1565.62312599393
1167.6133443904
1430.1999013462
1033.62670682527
1582.64923352525
1788.15614124562
1042.98619110428
1841.83321863209
1005.6932230607
1686.19104155893
1151.68554599537
1602.79179760356
1028.93264254654
1048.98876217977
1104.96367938945
3271.0611143742
1013.02202448493
2340.04308277179
1493.41837895729
1517.43216642159
1341.16330263038
1338.6518819556
3423.60688796682
2190.66294858857
1711.5912942185
1203.08645147583
1316.61225174518
1570.02868740184
1042.58581796257
1251.88628107681
1635.67094988199
1046.8262719326
1511.54331967788
1432.07825187829
1160.41434306785
1492.98150682497
1550.08974197487
1275.97603032083
1026.67233243575
1803.11420363431
1271.35301312794
1127.13097514143
1349.40594945989
1565.58940765557
1101.97511118369
1436.77240993855
1080.25769190214
1255.59305507424
1034.65846059081
1085.63540655918
1062.67857495009
1304.90717592251
1184.41972536844
1064.92356073779
1125.19548603176
1116.21497364401
2736.46050144908
1270.8614767745
1932.65790512899
1065.12927255169
1005.63678729712
3201.87605242867
1810.95614249625
1040.57350644425
1310.41742446989
1566.24193815245
2894.60056547032
1486.58968196134
1307.30604844765
1117.07818812071
1017.73970130494
1402.65543479928
2516.32343357065
3469.86103225552
1413.4282987145
2139.96375262591
1316.27334053801
2330.21009051704
1094.23555258936
3524.15263793345
1136.53153391173
3273.2097941344
1022.98697986385
1582.94573807395
1184.4032525023
2512.94616402354
1326.87820218149
1021.8587028383
1238.38351119659
1110.78929278436
1389.78459460837
1048.87300679089
1101.4165147138
1465.53489464828
1020.04882383534
1342.95033300486
2095.69614234617
1050.17222592383
1802.69520802514
1399.77974806957
1005.74767877478
1218.61780716103
1409.04443635708
1137.37655427121
2666.50469863172
1159.61774281748
1070.90797830036
1478.17351387859
1128.86584069752
1155.9860532073
3934.59678472485
1063.31695754996
1176.98327782289
2571.49111154188
1293.23361686325
1077.8697000553
1182.83595528406
1454.8496088974
1443.86635758775
2788.31793654029
1869.15221487173
1103.80342460593
1064.20912555486
1614.79461297786
1060.24166873771
1441.98614107082
1512.19612154278
1801.40018332246
2408.40060112666
1528.08815910719
2778.74262941608
1239.08195139488
1086.86093380693
1077.73192316225
1373.56758206391
1661.13652737469
1658.75626134902
1117.78388629822
1226.69666583209
1061.62054979792
1611.80753900702
1944.22329615171
1596.72650380597
1399.66780695128
1332.74172242795
1605.35217841814
2483.61425016928
1388.63593741592
1331.10203175582
1009.36962339641
1224.82068114559
1057.310963431
2848.24100739841
2165.1106673807
1113.37486573205
3383.42224019396
1409.72424435322
1033.68697320888
3089.10897271089
1240.3414395569
1021.53343410439
1010.37094246204
2245.67741868885
1950.29752990902
1186.23976845832
1242.83741480062
1109.57402343111
1140.1658176701
6398.83722894246
1088.08859195195
1069.49185513908
1094.26097639083
1217.14919200297
1080.22988481924
1158.30495195539
1488.27424451068
1252.83959411714
1255.29421630371
1967.80489006735
1747.4790574602
1085.21907060543
1421.44669459687
1308.87061494006
1103.73689024022
1239.40808556291
1743.43400922012
1673.0183603024
1675.0719185098
1117.64694250578
1131.77649038101
1269.80371564504
1291.40746298694
1004.71657384405
1246.15900030986
1302.82965787066
3316.78686586096
1158.26112589364
1615.83742876682
1354.61730827313
1379.06965354389
1503.95958168371
1092.62819267837
1482.59487857879
1200.2407547301
2441.59217064477
1242.76340474109
1369.09926867553
1058.23112757424
7000.75604708284
1757.9600845384
1111.62976148091
1059.8356562454
1005.74406084319
1042.14801280994
1137.76020268818
1347.64440219221
1363.62644915045
2322.56574914308
3734.16369223952
1055.86776450772
1021.19975971355
1718.05777616123
1086.53552956322
1094.13371447191
2777.8196079411
1076.0422786474
1954.33580573441
1224.63116316158
1337.03231606246
1225.79431431466
1431.02223982375
1736.75027371103
1374.07611838222
1232.13273109987
1225.15738913252
1566.22003568041
1206.45251275862
1109.46353297572
1369.5206919151
1036.06414591333
1489.64050679703
3531.64176949297
1621.75036291416
1789.63355220999
1217.36759414832
1153.1391912045
1097.89727986944
1140.70172422616
1053.26489065078
1095.84402634341
1116.15361068506
1254.06104288016
1053.65060585939
1058.14302782988
1625.67786459821
1458.49457710597
1005.31802053414
2707.87777107833
1025.63526225049
4947.89487259786
1005.38343410782
1015.21417499005
1343.47763813005
3581.70404513706
1659.43543998914
1130.75953912387
1563.40537179951
1587.44459407439
2306.80182816742
1002.19182740856
1726.57444245547
3083.92230062991
1277.40039066873
1197.51296578191
1445.24632123378
1322.40964956501
1739.44912234903
1097.80554425855
1140.07651906705
1010.09629341581
1109.50692778227
4134.77498102251
1271.92901709453
1147.1585930255
1675.86441698121
4109.46468554777
1020.88070573228
2468.25938061451
1354.36786623096
3355.16530868097
1254.25168037388
1128.29785172788
1305.99116465836
1018.59795233941
1091.63683432276
3441.38639273178
2653.98767602894
1505.79725891408
1985.98019646773
1618.97052779044
1071.19408695604
1126.23544980573
1070.20373772264
1431.57514165543
1381.78886997113
1286.62639006542
1377.55965590939
1044.83555419372
2164.3797553931
1244.8360479364
2354.75818883943
2865.07738757574
2118.35416750378
1444.57139072272
1315.3614518533
1937.12406197183
2489.95461956492
1132.85852092094
4230.77654120273
1119.3102525193
1196.77242155015
1075.46427461879
1239.06191187923
1068.40313399993
1366.19373005461
1136.26999154243
1273.92997006186
1252.68418746857
1275.47702175526
1051.54233634537
1244.61883938917
1829.68901292282
3970.33288771492
5447.61668638379
1132.49811488817
7256.94353320309
1035.64605565844
1559.22672167283
2206.68222344055
1014.25732348055
1081.13304817218
1387.64176513746
1791.68999058767
1806.73853111922
1105.31986323647
1059.40511712442
4883.61251933414
1403.64287357498
1046.5378594925
1892.48498610982
1001.23435013371
1522.1904159242
1904.97675109842
1158.30660715823
2011.66528154108
1308.36475380451
1339.35042544026
1389.38885211796
1094.49169254334
1844.93298234534
1566.23889207284
2552.19496727863
1452.04760203623
1397.62926099414
1606.39585304526
1002.98679836862
1463.43663592109
1215.73506254054
2900.98540242676
1157.38520691897
1160.03763087872
1038.6220250023
1197.05656680658
7137.59312559051
2623.82092364095
1774.13112730975
1038.89603061364
1350.64822490443
1385.86696568787
1070.49749105722
1756.06191345331
1046.51540910242
1772.7309222944
1164.2839963142
1266.16500789139
1000.70691977857
1245.60949182791
1365.63575721721
1688.55447614006
3204.6142969843
1506.67074344074
1147.49158442893
3067.85955408348
1090.0990987765
1752.03652038044
1097.59403121443
1398.09730796701
1114.68177082922
1053.23853572116
1145.86149083164
2187.84455268162
2017.44019761339
1042.19780881379
3590.66050536917
1194.29621947852
1641.22828335507
1435.62455038229
1287.57739822568
1561.14731414073
1325.65811184141
14119.9680209867
1180.53774721588
1112.9722460014
1786.19530728066
1283.2331406321
1271.8367062849
1231.56044979384
1219.2172311546
4411.4795063298
1334.30818567578
4077.29436710629
1027.57044962151
1127.05595689231
2031.60364938978
1005.24392144272
1398.50041529228
1159.37747562795
1215.16534555918
1117.76783558286
1006.36452834408
1110.64469617202
1389.78321176305
1456.33576045794
1232.44176542503
1221.06255018614
1004.91846549531
1279.12545973155
1178.27716134299
2749.16134171784
1553.64573573406
1330.18733676007
1319.09248625984
2368.2498505273
1123.96638912756
1348.27646000498
1068.32035342689
3029.96531155759
1226.56359722091
1025.47806221942
1581.56207970048
1666.87334584558
2296.69514507779
1078.0277306159
1914.76236729274
1177.51646681539
1073.47794521684
1022.33838409181
1084.86534530325
1048.23117087597
4261.28261738114
1071.05323117457
1136.21070406698
1015.43359924073
1830.14662591424
1817.39109952318
1047.37441867526
1106.1144046456
1010.9581688164
1160.5429712828
1118.30378086336
1982.22531818165
1469.33644912751
1142.38531309031
1074.1290374515
1268.65934364376
1164.97923669548
1036.92787225152
1437.32332741972
1452.09541658718
1533.48686579518
1124.86973865813
1275.17795424147
1426.25864024417
1262.34430945736
3563.16961521765
2962.42955188135
1726.08208142293
1195.84358091063
1813.21140738068
1045.47290518167
1218.35425509383
2494.41219036189
1019.15307919337
1530.34916105018
1118.50053094738
1004.2100651681
1658.03481796192
1115.79308351674
1141.89955108713
1468.64909914134
1038.99852859188
1529.81286210174
1082.18621261809
3249.40503620215
3056.65418505194
1084.84428920841
3318.10774881037
1024.00817892964
1167.53114989915
1096.26428228617
2318.15735274971
4342.13250129337
1137.02517318293
1101.35122976542
2075.56208858674
1096.27264621553
1415.35499325837
1856.74451596457
1415.38528982596
1094.50036296944
1130.4821321754
1619.82229909834
1957.14102070242
1247.86322034656
1482.69241273504
1080.58358144389
5276.12982514252
3328.21336935173
1111.61872842418
1028.02696148378
1104.87940138438
1216.85584714665
1034.76525534283
1308.82187234755
1308.72395532881
2247.90384347726
1283.23604788112
2918.78997759782
2465.6639904095
1429.74164021294
1226.52152898606
2166.96670236464
1346.00358563004
1446.8241920299
1680.20257120058
2304.63793487654
1441.28942848448
1212.12226374954
1790.84984188707
1292.59380105269
1052.80091374768
1113.21220876834
1196.04147900018
3506.29337854883
1129.54577351477
1844.97109206345
1477.89080607799
1076.15761219794
1157.18732470393
1350.85944733359
1097.453633428
1153.29011364914
1110.93514668902
1171.14930559428
1272.1792980868
1000.45656302864
1871.1316147592
1446.51052738877
1663.96387975947
1323.49940574857
1174.15376844837
1762.25219046356
2027.91564968571
1464.98658543795
1004.53808857006
1660.72219979189
1252.29153781674
1120.20480606882
1060.59839125859
5588.27015142371
1207.49401833282
2340.95202898234
1989.55900837626
1856.29530803775
1919.28462955591
1872.73947616405
1400.44260149037
3879.81050617599
1008.2587706894
1185.81684077413
1667.72047032957
1063.19411586078
1244.18302304732
1006.77486803436
1742.30049005141
1451.71327240072
4005.49073420133
1090.14307448185
1100.87258479006
2219.56043644269
1015.22146877118
1463.40859894243
1078.47462451412
3139.10418313029
1155.02797258991
1277.98196066982
1015.66887259562
2180.85615915545
2609.17021718286
1171.71057731139
1402.27259408428
2021.17059585738
2008.82895375115
1129.91874571966
1956.17978519107
1025.85314949822
1889.73720546333
1262.5745557401
1104.05781781286
1485.86858272969
1329.81228146796
1560.28184627962
1923.39524082336
1706.4063103555
1568.28658382479
1049.13594674644
1628.56249289325
1832.14722182782
3181.09717781405
1221.95720150615
1328.36163786732
1103.8472569534
3915.03465897354
1251.79297867075
1030.67429252394
1338.43753802972
1213.87452354436
1036.50342832106
1266.94216314835
1303.35647999903
1320.56856857456
2133.15965838822
1051.94472042295
1446.09806657669
1103.62288577069
1338.02077789226
1870.88449167185
1554.88968898172
1361.73490109986
1829.6869510769
1139.25076709079
7633.48938579235
1761.29686505373
1139.2644024226
1517.58094122002
1872.51645722066
3259.10441430168
1001.83661130928
1955.20286039173
1714.51312371606
1324.47092914802
2161.23359067818
1162.79107864037
1029.34713774612
1367.44280402598
3517.58613543482
1079.71001089927
1294.05173655527
1198.90472930845
1206.48415349683
1014.34776792664
1438.68203126806
1506.97626416462
1323.6102213427
1780.35711535634
1511.55201453248
1798.7927501365
1223.31179571749
1265.10186338719
1305.43237170673
1028.20718161732
1108.48532077554
1061.51518922221
2131.24965549597
1309.60783975875
1535.70332323367
2270.71576824815
1198.37925936268
1552.65024065161
1787.32833346516
1115.9749896459
1092.77728873
1754.74475691639
1482.26876448801
1763.00019463766
2485.11561950385
1603.20139883052
1711.7546679914
3863.10758074111
1063.96725171307
1971.47401841746
1208.429174098
1469.49932889413
1006.20883175589
1350.34375971823
1386.76080147766
1134.54104647381
2662.46063226769
2700.30933439339
3224.32446572064
1325.23474209541
1161.61300681058
1364.6413947175
1689.22742065503
1090.29293435026
1497.90192389035
1516.5800703774
1007.14700017631
2393.9280614188
1075.35273553977
1252.19011055467
3749.18091881202
2258.40005985447
2408.53379569665
2228.98791617436
2930.270541658
1234.52144001524
1183.16574232361
2026.01054583414
1211.93299519732
11097.0275837597
1730.23239797348
2178.99845092488
2665.0365338653
1412.25013170591
1075.92328105145
5582.99224433273
1405.21247023244
1187.349991604
1015.10861970404
1508.91213392283
1419.49986468805
1561.34142127192
3176.39743646912
1539.85477335453
1648.55439630677
2638.23134405561
3032.16968438994
2202.48162798655
1914.94262943315
1106.92209372868
2674.04033284939
1006.79918017234
1142.68762134577
1776.01253679273
2218.06592877022
1632.39099509395
2058.841998462
1250.82127078725
1351.25878097357
1019.25830552371
1136.25247773581
1616.72306757826
1996.01343950286
1956.83214171777
2437.54545354412
2522.30490858416
2062.46103026595
1383.54377667238
1011.53627025993
1154.869347239
1393.41622470727
1893.77987001018
1073.76693945885
1360.52662987132
1011.40736641955
1014.65246388523
1659.77503709999
1231.77673098676
1082.71354672884
1499.38178723598
1253.49547125361
1500.82989766184
8287.45024024675
1062.27475807005
1058.81512787816
1588.01695872497
2874.67548538625
1041.63341273165
1145.3311008847
1923.08626986682
1713.67652152521
2936.66780658396
2315.99384027265
1103.48450496581
1584.17747750578
1191.59393012524
1480.42074838481
1056.2081737728
1070.37588579706
2451.8324404126
1765.64148989429
1206.72160099538
1006.3450226796
1242.32051454786
1772.38743188714
1451.85473193663
1037.41694492158
1120.73500770471
1493.14864027375
2470.28246110249
1972.4442508022
1218.08395945981
1147.48065488351
1580.54206493075
2268.94355397253
1086.7201274864
1170.6118960937
1302.4967486934
2078.03878916533
1892.17147789469
1636.62887860319
1170.25882063889
1072.30742207059
1194.20174260325
1734.33269582742
1007.24181627641
1166.3351227039
1159.44026502928
1683.81445923914
1458.71312507215
2038.16025659343
2717.44503606961
1123.25618627687
1398.8429653869
3088.86253527256
2000.61433379033
1086.26888169997
1327.23033205182
1430.58803137544
1123.89320066388
1115.88162679673
1030.89544907885
1175.4848565421
2992.95286529905
1635.1702810225
1305.25542253165
4368.2779970881
1908.71127048974
1243.53576695517
1124.5780182411
1311.28172608632
1861.1273211696
3009.35799207563
1501.74499341734
1936.28630377738
1498.912133517
1010.85771212861
2473.11243292143
1054.75281197826
1513.9502276051
1048.94016171442
1558.81676237185
1176.89417527553
1027.0489524557
1015.81035510898
1143.78628763306
1014.96524158919
2803.1010119572
1688.67262332054
2082.8998376986
1139.02461041748
1865.04458002059
1260.35481153731
2002.05946121405
1322.93430594845
2651.04009185698
1197.07347162642
1112.05301109375
1285.97521289116
3699.21096238797
1425.92306641238
1781.8440029091
1726.0357401957
1742.68396188052
1478.21972520181
1010.94330468222
1036.02602382686
1030.02737156038
1071.96431913287
1719.33506676942
1711.77328081755
2099.32253628897
1264.65807752588
1002.34863956869
1308.18858921289
2775.83655852442
2077.84408814836
1005.92048985037
2837.57610573237
1441.50900240598
1541.96536713268
1123.68940979586
1402.96082687998
1480.64011389369
1193.8571982087
1159.87186722724
1463.12442296885
1915.6715310467
1089.7628131304
1168.19407625609
1973.69853161098
1172.01675080939
1433.63991455279
1259.15102868365
1065.33009342546
4073.26248176752
1332.36669397562
1639.4426613439
1490.88819721709
1271.87819578055
1302.18264055456
1554.70265861409
1869.67487756304
1282.03371354213
1159.00622418635
2039.51832649796
2556.39031349052
1026.0712660003
1585.29898451409
1173.50271311133
1255.8196455387
1736.83052619582
1282.15059494647
1105.82430282974
1327.83744280716
1632.26930360895
1062.42550884461
1002.00790977795
1123.59748777336
1118.66489199222
2601.23607619575
1995.62759982294
1921.80886037441
3570.93960207031
1113.89980632664
1198.96123299582
1043.06211618284
1187.43732821289
1098.57916779769
1848.04808793133
2078.24754807234
2502.55523038148
2274.52649554328
2019.4885261932
2066.63863219785
1007.22969940058
1473.56453588885
1426.32706989152
1122.98352446848
1328.90057974788
1656.66748654169
1056.82599400764
1103.34997837768
13273.0247626223
1008.63496228358
1052.11358558156
7465.27213736032
1095.12735748253
1792.84734091373
1211.36286910215
1145.57340387402
1690.48482049097
1646.52671248215
2222.98833630095
1465.61144662524
2836.37862901112
3110.7353844311
1111.64787841392
1050.32539232753
1060.24945740445
2426.717006356
8930.19194338599
1757.72486981996
1080.19481692591
1484.95215718504
1218.95084441321
1168.22556114702
1707.88041510196
1023.53070504598
1181.36944272589
2651.60600619725
1137.70988122007
1085.27256875527
1142.10977341721
1163.00604331916
1762.23729241096
2982.26006968949
2509.94078206179
1047.45974644147
1515.00893889948
1045.83737649743
2212.16946157273
5038.1188813476
1429.28888320709
1073.65315178974
1308.46696155937
1326.35179904048
1344.04872777207
2239.65938539904
1039.47845157749
1099.20234801134
1088.19543816886
1152.97550239106
1189.68364644377
2304.76211390133
1143.42516861105
3145.3429623313
3195.83907014072
1153.68522428564
1541.47250898615
1113.54594060623
1065.1894331549
4237.46507989795
1138.78261784214
1064.39089559516
1636.89277346092
1004.04518262603
2456.89245786727
1304.98965129275
1211.85557674813
1567.71895744701
1220.12178470874
1028.00306310718
1157.96887200493
1316.02237908403
3525.22381687399
1056.78724328431
1574.71186965468
2019.11066109774
1534.70583186394
4994.47008945568
1056.13061249123
1397.91106424124
1510.6245668183
1820.58663109824
1342.51277554931
1001.23574652459
1341.01855478448
1271.31646377866
1147.71827826293
1298.53666884298
1191.71579083401
4638.5921102054
3069.43390715396
1846.6120632445
1909.29545311698
1233.34813817873
1100.32567728731
1166.56379362296
1551.07220396038
1327.49582408554
1278.37012643107
1378.27310425859
1637.38109346128
1002.814986866
1021.67674678949
4566.44646467825
1251.88447807792
1286.68152947839
1284.07609918571
1583.47087928502
3701.92396513175
1311.30846457879
1693.61151229285
1728.75369699776
1749.79203114923
1328.85562624075
1542.06017977094
1705.77437946238
1051.89855641372
2102.41659681557
1858.42110723524
1946.88795722435
1660.00316633
1211.97320105625
2298.46503560939
1155.61689595008
4360.7089338748
1038.81941126403
1123.42965233568
1505.40378025173
1156.16451785076
2621.17557812826
1198.18803855921
1030.2397699003
1188.01063096057
1101.9082276591
1041.4263119019
1119.83301924807
1808.99945125185
1590.6615529422
4073.21558407646
1366.65702747331
2085.9653082207
1144.85381568085
1004.7589106848
1151.44569211422
1122.50706301744
2376.3158299599
1086.08434731706
4669.20266071588
1185.54323609815
1684.60469854275
1676.03174570719
1145.74731998699
5697.20940479403
4609.58194896952
1063.41255516175
2227.11336361397
1207.22910654875
1302.4588187463
1548.95386019413
3043.18298581846
2414.57894874978
1247.5815744013
1144.74892045554
1993.79022686238
1198.36009992947
1095.58091575287
1176.24067308381
1582.66111266001
1431.06272361156
1073.68585510931
1075.10724363506
1110.78399096589
1129.37838851668
1266.74023051643
1020.30433349579
2089.58661790213
1369.01430840061
4219.24072168833
1495.84770004468
1069.14726538481
1498.1509798402
1645.74627621128
1769.29189274343
1129.41525338393
1088.47336216987
1222.98773155691
2313.32521718898
1137.27796845964
1346.4721059928
1181.47572318363
1653.2720899512
1116.37447647542
1445.01061295691
1349.17970286969
2719.5114009249
1936.84985699975
1583.67899088927
1966.14487218318
2516.87395353567
1001.11011434552
1198.66356947595
1319.64611442368
1343.67185789095
1133.72185844453
1308.94727735428
1024.29792798324
1171.26325513401
3860.31022778955
1182.30617072002
1360.99372798224
1038.20325017557
5664.89225113929
1239.91031782234
1586.17552521199
1094.10755041563
1455.08421437307
1105.18993388726
1114.87676404184
1069.5672159036
1139.05933423481
1101.26054388909
1638.70648424842
1544.39969671938
1078.32470739937
2389.75072507247
2320.92931582209
1326.38552017778
1111.95148396669
1256.83750185844
1483.23961493487
2063.007097785
1009.45062415611
2650.60137257783
2084.72288715519
1016.57726957279
1261.98174940133
1128.73686068755
1499.99314473295
2211.51990470173
2272.78708072554
1106.09095061059
1068.62993718133
1095.89140970292
1580.23133750753
1399.92918537638
1140.70329865726
2011.82207973688
1286.7971993645
1041.7338171882
1186.04933841344
1711.25949211473
1647.96361158339
1608.36073915216
4988.34570899198
1172.11375026642
1034.20235565494
1131.65311158769
1671.20701192094
1081.1608869052
1244.58051475521
1286.45125980464
1224.30116036614
1393.03855382349
1039.44417014786
1023.87934670171
1056.39365611881
1157.37989166517
1411.26930210874
1008.7639301176
1584.10228054763
1032.31282209011
1058.40292902798
1489.40025776428
1756.97393580603
1075.64260206731
2851.10560895993
1032.71336317403
1687.43522936411
1320.78623694934
1370.28662191963
1641.61051869441
1036.60307194557
1242.34448271482
1175.52461460829
1175.13845792086
2913.77140145793
1004.31077403151
1111.03572709083
1192.85092280271
3088.6314686145
1637.41456617246
1521.76950156992
1295.45009989207
1117.34304872376
1230.12572255555
3306.95195947945
1990.56738045253
6312.91218402219
1811.56798858139
1302.01721372699
1258.52278069322
1155.61141438917
1011.19253957598
1157.53044622244
1022.96878725426
1006.3577639427
1390.9264205189
1169.29608964327
1019.94584457568
1071.34438226169
1531.08147361612
1117.61298724873
1175.64740155177
1122.02313385036
1472.79936095525
1180.15651346267
1032.76510684945
1171.90535315164
1501.014762531
2020.47208869833
1768.66450420549
1574.09780346211
1327.10782947011
2127.46186393169
1254.42396470495
2238.4056831901
1668.00485201344
1063.53487228255
1055.82847701694
1116.00306534281
1318.56453475817
1116.69121928128
1546.16203549696
3101.46694029699
1276.34334994825
1265.30786525403
1244.85548189682
1901.22126677515
1390.64646940446
2638.59016087093
1342.18569738437
1358.79558847991
1113.84378130607
3243.04312266764
1130.75851020161
1064.08824265399
1281.66955937668
5723.50435891571
1652.42156063758
2943.78382490463
1551.46899668131
1727.93027520856
1025.49287389756
1303.25293343437
1051.191238518
4027.11726938655
1722.95008932617
1837.59498211982
2019.18005031955
1355.46993630494
2966.8584591337
1207.02217719843
1447.52562957292
1082.93464023588
1251.46284259959
1706.46515006951
1336.35449879629
1199.07477996634
1133.26618539686
6138.1750813099
1466.9048350613
1284.5480339912
1129.04102360044
1592.22057775888
1238.87138144834
1014.68541973992
1426.71993241225
2958.64344581024
2190.17169267446
7747.4582241628
1214.14896110704
1631.20080565772
1220.87119682772
1369.0340035086
1024.89241087737
1006.37566074813
1017.26313144872
1689.83224237492
1406.99564957394
2128.1346922955
1032.13757554873
1320.87361844987
1046.72795654892
1004.22253079182
1102.69894393272
1463.38481649358
3403.42354787752
1466.5116346583
1015.43239947832
1685.7335988633
1538.30008562007
7718.64195665203
1539.24339110401
2673.09145767832
1047.65099092514
1190.49291595687
1225.64172055555
1422.00045829078
1336.08654679902
1232.91868995101
1285.45632771115
1134.37244561787
1124.41220825415
1101.82860015913
1016.79843137736
1117.94662557839
1039.14066527455
2717.21402620926
6708.75047230113
2728.14417784911
1031.43662331888
1028.81711626717
2824.55360359617
1358.78534279266
2410.79135364291
1357.02725134446
1047.11269982328
1246.62395374022
1116.24069512158
1988.35122816722
1827.18118862869
2269.67247422471
1068.19915084312
1781.35484358294
1011.53529603923
1156.14741768798
1010.88518610412
1075.63057175484
2198.59818128922
1073.59616989161
1470.74003956573
2426.10258592781
1309.30800952886
1354.38929701162
1299.55982108068
1465.13693141475
1189.30943675965
2009.06945415153
2033.28661369716
1047.97173477172
1452.49114228594
1664.59346411338
1088.35620098879
1365.59716172567
1172.29898947208
1352.40214144847
1143.50745101327
1110.23276735545
1420.01987003422
2481.93448378115
3280.41138170755
1087.9901044369
1587.86920418351
1348.51406742273
2061.78047879535
1178.73654415794
1767.18157073928
1511.72314201985
1755.48829031295
1239.78141101443
1377.70964534554
1194.0399863351
1212.24928003999
2612.39072772036
4845.90925733059
1227.21071279066
1466.48960061173
1341.96296148241
8699.87774713684
1232.25821604014
1075.37304924367
1798.07805729651
4625.90207715949
1096.60874658308
1107.43211694116
1021.50179015704
1030.88573692787
1287.89065507709
1103.69590958159
2342.49696085022
2352.56575539464
1455.13023442377
1204.25526097864
1287.44774409805
5128.81416527176
1003.52268203591
1888.88796789748
1651.18730232664
3135.36209944984
1155.07679950752
1492.5002529342
1536.50888003964
1414.98131057817
1078.75572983897
2064.10185997625
2052.20028634243
1423.86057290174
1099.57621945152
1000.36242677347
1139.05864191091
1213.79009470927
1491.84380012407
1042.59057996337
1438.93195125487
2169.51005781742
1290.23937340843
1305.6865844765
2667.75539723698
1951.72489437784
1419.19738186812
1111.03123014546
2809.13034181734
1767.96526717512
1150.96767820091
1053.73001353649
1079.6319653639
1024.24746880945
1163.09033584896
1307.53600773261
1837.80672871752
1036.3738440901
1556.87247313642
2539.94230958103
1498.59187166752
1634.07026185116
1703.6976369036
1372.5014274537
1358.48937447187
1641.60905168318
1268.50705421947
1102.72466807788
1595.4606830843
2314.65872474333
1185.26595591295
1215.50823346296
1502.69947994531
1410.64109140287
1136.3896669289
1029.77509252627
1068.16573123961
1592.28044260102
1329.55583145976
1260.18350525773
1495.22896753785
1579.76705480135
1373.52628293026
1509.36543328259
1582.97277598505
1005.97653736298
1121.72499490841
1091.84083927188
1016.62017300365
1123.41778921999
1964.87280765318
1202.31900425797
3028.96890335605
1133.24134362749
1516.90960906123
1881.87856894454
1113.50536955096
1233.48926798738
1047.59199793955
2138.80285317484
1084.14465651211
1169.94431918408
1123.10995504831
1328.18187665665
2742.02640476871
1862.98479087341
3070.19559167441
1167.37648781225
1685.15879575581
2498.11403477996
1013.7890602862
1675.53144268601
1103.77234259423
1339.74490569548
1647.93573593435
1761.9755229031
1107.86934591548
1376.86002527112
3608.86497857015
1095.74989062127
1133.64877700815
2005.04982532831
1958.37054540331
1480.87871679799
1862.43426774654
1093.00814863647
2801.72225082783
1708.13190647204
1084.31060387448
2972.94916941205
1441.43783313531
2352.2810029582
1207.03651179722
1964.14935726578
1931.61096658725
2058.66560023291
1708.15052738502
2126.37033042118
2166.25468925224
4920.67116959168
2121.57498888277
1107.34393892888
1004.83531345747
1111.06421070538
1789.29834235819
4697.9279678382
1045.52180349686
1166.75781465975
1318.00645912684
1397.26679253129
1648.54687712529
2376.88088414719
1146.3193431118
1385.23366122261
1082.81082714752
1280.39783670548
2250.46568319427
1065.55799501267
1240.26223618214
1050.45400029145
1037.89838610421
1209.71412840322
1651.6110637865
1226.33461512298
1085.94885781774
1246.23946242026
1607.42748215603
1387.08718798911
1744.19891156172
1160.09495798635
2720.74787067467
1497.7866236415
1255.95470303675
1401.61788528795
1270.06289451332
1760.32991214759
1362.16708120141
2614.31550991797
3640.70679363774
1110.66371470055
1130.4286098251
1252.01854179265
1142.83089342617
1655.07920105454
1905.42475598941
1354.72194398222
1589.90954931036
1155.54792017167
1162.61351000895
1343.19900563888
1141.07459139078
1468.82433825971
1574.1544766043
1008.71437046971
1072.79817671273
1122.99628258266
1023.46813607646
2609.6603865879
1038.81656944059
3123.05780710433
1085.49550542018
1761.19987516179
1490.3707422374
1860.28282575536
1379.82751997487
1003.34399121275
2513.79675743013
1378.41160958486
1198.02125284814
1439.1894506014
1360.98716395566
1106.95927285995
1908.10484364996
1484.38634104116
1323.26478598239
1028.9321108149
1812.48725400922
2133.36874312997
2202.28517593615
2194.58094333851
1281.11802427958
1448.30498860082
1998.28095141967
4981.42594954045
1086.77410118345
2502.99897410152
1098.45303723842
1504.01807059734
1812.34771160012
8132.53338099455
1388.39716555641
1011.90411207663
1203.47465085843
1067.08365757661
1487.36953260102
1042.83238923955
1306.37094103897
10042.6791000015
1194.43542826185
1180.9987254101
1303.73086646043
1043.16163934311
1572.11929326885
3346.47569973663
1063.88346913698
1344.22254143339
1073.54976858843
1113.98964546357
1687.63724829506
1260.71469442709
1013.42825854767
1652.23575972041
1362.62184728252
1081.19350504779
1166.64138363043
1400.14693663321
1519.10502857742
1685.69704011685
1000.59210106638
6559.61360503364
1598.23957375056
1775.37272852382
1239.20594065836
3360.45840681372
2379.76830629028
1279.82764944352
1042.23275770884
1180.98540352484
1572.11917892841
1066.16346540825
1109.14497549704
2502.11276110261
1378.84004040381
1166.84033928565
1261.27064712801
1554.05245407158
1132.43754293502
1603.11365039605
1106.0476168605
2013.8784645188
7349.53054281021
1175.72728207859
1069.16738595553
1126.91854064001
1135.59787791729
1015.09023909157
1271.72961064272
1663.39052628953
1245.90331799411
1206.83329527182
1395.1812846655
1138.28786351568
1966.22141030908
2427.14504341621
1047.51931771676
1541.25578965915
1024.42741398497
1047.49130004652
1097.87511840664
1139.02436923875
3554.11266903251
1008.26102044556
1041.40738689359
1439.77301915141
1016.19095381318
1767.04757034944
1494.9566005448
1707.43044892032
2081.37431662495
2203.10141737537
1194.46353754814
1320.14805613194
2072.41890683472
1086.89655945389
1102.86641291147
1951.86897141829
1112.75565951524
1006.1817273259
1081.90834301028
1092.55244293208
2021.84413232191
1144.98187160838
1117.59021951928
1039.74651242698
1196.79989420362
1282.07252408653
1222.23222924072
3768.32045861214
1188.15342860467
1690.75274805972
1113.17544313769
1153.20153974552
1046.41343451903
1128.11263757806
3382.3073058515
1027.26045892613
1145.45210779102
1065.72084852223
1036.02013135969
1096.38386763392
1120.53736703195
1621.43024536838
1823.23824661481
1027.57649867177
1208.80982285599
1062.30160155454
1010.27310205503
1925.45209315768
1708.48715059737
1748.65374148495
1595.01638498264
1709.83814850943
1013.67055978296
1291.13452534252
1132.86154321114
1274.40506323208
1847.57244160233
1030.154062359
3162.68353093775
1369.4970088899
1211.69865351265
1211.42841149169
1278.93771000982
1127.088905005
1113.44000805557
2600.03042511059
3304.74317354273
1257.89001350959
1263.97166899094
1305.25307796348
1132.57830327823
2309.15465952546
1193.91964633577
1057.20734121964
1221.88507574771
1069.13843068864
1222.98361488515
1011.27830076162
2093.71174318806
1125.86505132313
1111.22829628446
1478.2129420213
1387.94307951284
1016.09746060507
1296.23755232985
1558.94953222917
1198.33985278215
5807.54325205321
1600.49868811933
1352.10151321267
2300.04376387566
1344.82166862679
1191.08132920069
1169.83859096234
1323.02160242476
1514.13430994825
1054.88915770945
1497.76744601542
1193.88180935464
3309.01567494905
1180.1258547047
2537.51162534042
1429.12988382105
1223.74051402225
1114.1687217854
1254.89749661808
1476.55980638682
1088.9121900981
1091.09554292642
1429.42221874052
1123.63877944177
1001.53888093909
1105.33501242501
1400.83046215708
1419.94818326112
1120.05651499046
1087.0144622159
1216.14776142788
1988.10503459793
1368.48152567653
1428.91093254107
1119.06476942801
1071.63812872608
2703.60443413133
1349.64041460438
2445.16951928619
2926.77329497159
1170.41679075021
8545.79084540792
3655.6226081842
1034.64810893131
1760.81748841319
1148.73725236193
1032.69896032885
1172.33320874076
2916.04549501283
1162.47332378636
1106.22267182533
1063.24160555146
1006.45278875988
1249.64698137965
1339.24729338441
1289.07519401769
1574.08445294212
1071.04266357648
6186.12406042236
1280.14258418407
1273.11223885196
1688.86181182234
1063.7842511135
3604.77772455838
2547.26984063501
1008.04197610823
1018.81724719043
2186.5847257747
1874.77746047877
1043.6536746055
1526.27033976675
1019.1365085266
1325.87936731227
1832.15201698792
1099.55378764413
1012.10736700866
1122.71632770538
1154.31445115367
4212.2425492906
1215.49146078877
1387.08003848097
1639.58672011036
2246.63743980506
1110.37588787896
1118.31816549082
1590.52540246522
1231.80370245668
1035.64222101757
1440.06877491318
1110.16857152662
1234.42343033638
3115.82592802976
1192.25574479298
1507.66178005918
1420.00746683712
1006.44759439415
1460.83351323434
1068.30608045129
6495.22511894659
1243.75883555669
1102.87992196843
1404.77524805523
2168.47445524754
1214.01442903291
1036.29748252049
1510.39271922961
1473.00560008591
2054.28017622685
1028.60497199683
1378.4244500179
1602.03024602662
1777.84838545785
1170.84408194086
1175.08597096909
1075.47343239431
1042.3680201673
1264.98225108038
1409.59155580256
1279.55469732071
1034.20388869661
1077.73055977892
1150.45401024418
1033.69879814117
1930.1314601904
1701.00082789439
2130.29361953083
1245.58860071483
1122.31663328432
1557.36096865694
1079.24856717852
1381.35181556844
4081.7468037001
1901.80548568563
1662.52989028701
1500.24895976295
3564.74430611298
1321.67645517139
1270.13002520998
1180.39826049048
1020.41434493447
2372.58674370855
1147.85087524575
1381.93659296458
1229.28516207854
2662.56103604562
1043.42369787909
1109.89510394086
2163.92470860719
1250.56451222661
1074.95409493114
1271.243502742
1232.0565293054
1259.59087508134
1042.77207293907
1160.10700455592
2186.06866051799
1019.06235266239
2849.2301914332
1071.64594514879
1900.8669352854
1671.92152971109
1166.12922119269
1218.51806100038
1124.61287630671
1378.44588861484
7360.74285180388
1130.77166077923
1080.95154427227
1164.73034837494
1078.08077360205
3440.00057539269
1511.8208113364
1047.51819140253
1276.59837647334
3074.93199416857
6663.05090819366
1517.60986426458
1573.79925528806
1808.4068349158
2414.53763041237
1027.58441569659
2090.03441254072
1182.20269002452
1548.61728466696
1964.69675932998
1142.08205352163
1065.84380361694
1000.57244470578
1173.97288701534
1686.9713820481
6033.64181283148
1775.64943662582
1577.37780535058
2618.76100884523
2532.92653840891
1215.74987809692
1284.78195449604
1162.66879189178
1300.45203084278
1333.84247812001
4753.3241617969
1632.28283159661
1308.46714055036
1231.74748069669
1691.48468937329
1070.53938465307
1283.1772773742
1383.53538508626
3358.24146597671
1388.70188003867
1361.5210185014
3151.38470607376
2579.35635357333
2732.68555223084
1485.68329866533
1540.56175516795
1171.86361397422
2355.88261808123
1077.93420283532
1049.57884697839
1374.60341524805
1353.66093071719
1178.50915063655
1296.05024650832
1441.78482115618
1511.08255549634
2032.06562862268
1141.60795130944
2220.48688140284
1092.31794994066
1145.08249498831
1207.63273906194
1328.81522228385
1045.38561574227
1066.15787387872
1060.89459155984
1381.36469153081
1316.65833753738
1399.29122433331
1228.40908702489
1017.53799902434
1114.35610329099
1433.71607813965
1009.14738261319
4628.79318310917
1491.92032521647
1646.64346586538
1255.16302878917
1119.33836100289
1213.5018636886
1024.25014733431
1026.10616314972
1537.59186348221
1359.38724496087
1229.95758635129
1711.18779328595
1171.04401797745
1379.37226154416
1118.40693169189
1568.16120579942
1081.26308942027
2193.20738755249
1083.32988389405
1979.34044490297
1264.23535834896
1164.97841167588
1024.49696807742
1121.50718126288
1848.45430653236
2009.35602294433
1223.39572977613
1493.82269397499
1089.49710395475
2309.70239311059
2167.7628682823
1111.5062567646
1560.79633816726
2080.04869299261
1266.4483133812
1243.77846472711
1291.8335479333
1066.73215341722
1007.13846060771
1616.93982792036
3057.56887331875
1582.93392442621
2261.18666519767
1041.74546269393
3763.1235856466
1101.42929851703
1094.10212516136
1604.64575794241
1866.67851110362
2389.25626535507
1151.44176254519
3559.26959420267
2072.96557723306
1645.04477652975
1154.05597240142
1676.22606093967
2804.85689063777
1692.78657976236
2774.82588694464
1445.9063272583
2070.70426894306
1285.38638943597
1038.04991809541
1589.21367992111
2031.19519192005
1023.46573116196
1190.23643992209
1062.07196718854
1030.17542980665
1397.42330472279
1221.36470175174
1071.1919022245
6951.67428843774
1757.70259546198
1007.05599768816
4653.58139405245
1073.92070135937
1538.95690190676
1090.86422037568
2175.98604076428
1206.36772387264
1641.88069537708
1009.6170257151
1105.57314875305
1263.79227317809
2407.38775934743
1000.2873625604
1548.41087442159
1763.09403755292
1086.86193416343
1164.29598154447
1378.69148945484
2010.90694912112
1276.32469421397
1484.87521672656
1114.39914214657
1796.92888071584
1466.67140005453
1550.06481623086
1138.12309024171
1012.67227532731
1035.39501379854
1117.41119403349
1129.52135963981
1148.55741605354
2267.12806624193
1687.37276709376
1844.70415716653
1474.48713834698
1003.46389242058
5202.79514433606
1184.29274777625
2870.44933770521
1025.68992833759
1218.80553918438
1152.35202629377
1557.28676134009
1690.88216351652
1599.34013823673
1936.21415443632
1317.59323016864
1524.59025417576
1164.70525717282
1238.75260579461
1826.67729785344
1060.81074500177
2375.08025843599
1065.83781060699
1407.46588926853
1070.41264366361
1039.77582158828
1329.14926919137
1207.34209508862
1225.20368692986
3882.39468760344
3926.53813415264
2592.76403676379
1307.3744267603
1100.63504311074
1775.52268060359
1157.18557045888
1164.20612955951
1453.45475347633
1345.05357000678
1394.24340705624
1022.13147667199
1143.11603929473
1305.80557033874
2114.25703155319
1203.51088415809
1357.39651537957
1114.97484392233
1722.80108824532
1251.7213352051
1265.35957833052
5576.64241285492
1917.14770196709
1046.98487464682
2052.26076064599
1859.0128981627
1541.8543845901
1036.21289660192
2147.3321368856
1120.37750386555
1027.12308690462
1033.62300034094
1345.65345590802
1086.60424852217
1372.46553705745
1313.15887419599
3556.42594461519
1098.94305658404
3806.94835252942
1028.41914328105
3220.4166304007
1044.18893091153
2081.85413228033
1151.09567004284
1198.13129707585
1749.99250745985
1412.73725805332
1258.72272000615
1346.3693528805
1087.44752232706
1031.95494696888
1263.89359885114
4128.73073940755
1053.96615222303
1162.64627202226
1393.27688640853
1067.32603940375
2496.04186977605
2056.68120674542
1129.98841575353
1175.85203602789
1160.56694060645
1537.82696898408
1103.2741516037
2539.16132640131
1187.04909794905
1411.94823528035
1225.77862019131
2049.652065026
1065.37724300108
1112.09154257387
1446.75925463185
3271.91318782049
1081.05823604712
1073.50442742859
1257.79324708759
1061.72243754571
1437.00771336976
1541.20991507403
1028.35952115802
1026.39523206137
2377.48146454677
1693.77292797705
2854.76092621421
1348.29782594671
1022.58909890722
1497.48055751014
2044.80682324675
1172.42262989949
1295.88935006699
3910.81649641456
1045.34377429927
1644.94058123646
1004.39970974607
1352.66556036259
1424.70555642192
1056.25975551052
1199.86380186051
1615.15120044665
1713.91532065073
1113.59672386208
1032.160481005
1378.62881294689
1387.60941613163
2113.50292738342
1382.35611706192
1310.41607022533
1022.42833573242
1251.8556885715
1502.50184538572
1004.48325210559
1167.77378349841
3897.12138988017
1164.57648008871
1759.80303392375
1089.7550484018
1537.50302275906
1025.47385420396
1210.37426372918
1192.21473019584
1015.55847250359
3392.80880145336
1109.41855897205
1010.38766784851
1101.72040080909
1525.2165267422
1132.35959244109
2632.22424424178
1026.18435827272
2694.60871083279
1862.35269268867
1202.12173147515
1253.86609623892
1407.78058070264
1612.47825857419
1017.97908362974
1200.33518606561
1201.09506451458
4820.76777247747
1011.12129186831
2158.11333491587
37750.1891274055
1144.44252335215
1013.98749476453
1800.09193834892
1044.58679007912
1266.62208247123
1009.41939889212
1123.73330180752
1791.71169038608
1094.23647657926
1034.79420089031
2123.47672132145
1351.79242914495
1017.93174347821
1429.85766406524
1922.05025601409
1577.97307623268
1332.26219754537
2644.56025144981
1637.79347945118
1228.41646929626
1740.48721936645
2452.26364664385
1765.14189902874
1112.53273255273
1345.82988177796
1248.48152794772
1026.94150583833
1009.89509933868
2077.75877954581
1240.62306428605
1224.36973070392
1550.50726340273
1081.10191596532
1769.02136873654
1284.11220184057
1081.70451015556
1165.35759366245
1269.04525683505
1833.11624517088
1266.35037188838
1886.74000825301
1006.17499044322
1509.29810018373
1076.86320416203
2501.64929763355
1309.37421127343
1147.90900570393
1079.11159210678
1145.17870791454
2965.84627264435
1764.55290539269
1009.22884175204
8133.0229912203
1131.77761619978
1740.92741163024
1065.56526033565
1004.53040818498
2076.37770846939
1160.15358102754
1042.63736201722
1018.0492878434
1488.58317031409
1064.51751486272
1600.83641870741
1147.85855798314
1555.55555383576
1263.47173709118
2879.63882028581
2135.47627342568
1005.0915954055
9852.08948425272
1515.70365920318
1625.87257311924
4837.30225428892
1088.09633948049
1047.68048613294
3297.22707571946
1047.80812849096
1048.59634194431
1173.17699479582
1560.97772189643
1081.9258637689
1286.74454157777
1195.01448629382
1097.68820580076
1736.44784952278
1185.51774751163
1980.35991428574
1064.25267605952
1233.0401214139
2424.99413976346
2761.11572209317
1296.59444651407
2448.07518826328
1010.01698045569
1464.77223305326
1042.78347851955
1145.20552329064
1354.13493221158
1429.57947467073
1543.60817964471
1215.81160881767
1320.08134144206
1871.14756789605
1209.81762555818
1160.91678439408
1953.45488257265
1191.57091448772
1177.51782048013
1131.20563084402
1378.79344776862
2772.03261486286
1285.15727693831
1448.35746759348
1127.76042991277
4002.17950573422
1045.18743090915
1079.90297458309
1302.02503693936
4229.3835057308
1681.2651185401
2650.95897756991
1102.32584256048
1204.62559000406
2118.65088858304
1552.07684167294
2142.90588664785
1057.77680930199
1018.75576640539
4127.57184615296
1227.17651639257
1208.11713719478
1716.51645584392
1404.69074351715
1023.48559883982
1261.30336217957
1370.84900294083
1205.68509918145
2471.54647647079
1174.14992337513
1119.33009977986
1052.87863433822
1320.93195055453
1521.39980447906
1153.0549402851
1029.97049237349
2547.60800600433
1378.60584674206
2015.92329240642
1030.67724783399
1155.05710008538
1065.00107540193
1113.65620316325
3190.37527999918
2407.44964822728
1236.13005379056
1885.87300030224
1217.69375349474
1147.45844539947
1072.40611147247
2137.36224146092
1087.92371434938
1907.25593821397
1118.94166066934
1126.57896464235
2266.02238207806
1181.15098367924
1339.53706182093
1117.0140319634
1512.60048825366
1174.89125072766
1806.12668698105
4948.04323674592
1349.53782253199
3670.18656190493
1059.5749679858
11879.1595400436
1277.39393146847
1251.81975012089
1638.13663196816
1599.741702859
7701.37493430207
1557.21253743333
1049.59410490502
1323.22160541229
2122.05703885835
1265.32795521938
1007.59716781633
1044.37329426849
1767.02847190802
1150.26362000686
1113.21377432375
5370.81962434015
1696.20053693859
1184.47283450114
1259.97025363837
3221.20125710109
1408.35693499707
1333.57047292727
1181.77676523233
2013.56818228438
1293.92039241995
1568.99483844895
1324.78453632273
1207.9186281162
1005.69474964034
1179.77662835264
1578.31070210524
1044.54173763028
1124.83576266897
1118.03179791598
3166.48280545012
1863.96148911814
1452.97868965253
1229.06704031799
1422.56559791047
1494.94331193424
2949.27764136244
1276.67533164366
1101.88837029721
1493.81053716629
1092.51415668681
1095.83866108483
1811.44037443111
1400.35320053087
1674.77349382643
1525.65475814131
2194.21879780772
1374.39793790564
4623.24057585808
3211.50957381018
1004.17173269518
1050.35992767863
1152.61808953777
1147.0507494625
1577.18162945601
1761.35674783339
1480.05035741948
1118.33772836165
1542.29106349097
1348.49645001116
1407.10600155369
2022.56845658068
1050.85013155213
1239.56471419996
1041.1405789252
1014.13461611017
1214.17470221055
1441.14312059038
1159.93047633363
1026.84547204238
1001.20824246194
1037.18851623686
1014.73796014416
1084.60646141532
1174.50867291299
1012.23165214179
1144.88383977844
1226.29628853798
1360.7205404108
1763.1356865108
1477.48779574911
1251.1103565147
1448.41127878548
1175.66306583742
1106.37830045215
1412.36546472117
1326.34566376497
2182.14527815016
1445.50294735631
1716.12268057677
1541.5567308833
2078.14663388937
1234.17461324677
1225.41452939787
1048.43310303047
1052.00533309728
1135.85596673281
1027.70554584128
1386.89510793114
2887.10552046704
1586.09772641665
1308.07502205142
1123.4435506018
1749.96014762457
1195.36370040752
1220.59755506075
1918.12800420554
3729.98733809216
1649.357540315
1255.52110894976
1258.73615699609
1629.17177119777
1332.22925119837
1183.18835614106
1335.19231612072
1138.64064315587
2019.94144923085
1184.83315623879
2791.04423295624
1290.65025751338
1753.98415035537
1021.58373362614
1022.96729306039
1202.9115828219
1675.74964637858
1160.52525997606
1184.40113029984
3108.30503181035
1489.01498587427
2884.18880749573
1395.75368081882
1067.163591289
1374.90490339736
1273.62697465236
1379.23749709132
1401.82500200566
1223.37222793561
1430.54051063704
1055.09241924579
1175.85196247285
1226.07679466363
1042.52170977041
1275.55369910222
1885.1622736896
1758.9988837476
1195.82903201339
1398.40201442352
1460.21446236604
1246.53984968899
1066.80094494614
4858.98489124074
1246.41876524122
1065.9974136067
1844.8703812056
1241.24777030467
1255.83622924457
1147.93766740062
5032.46583813718
1437.55689508505
1627.46374803458
3066.59953166173
1145.11349154052
1241.40751451285
1430.86868581744
1876.28624231328
1247.64154622196
1156.06945312505
2701.62217646734
1348.77047548636
1230.2695763749
1522.99099991617
1048.68816685082
1217.86856633223
1122.66016692738
7736.82382421432
1351.64418831214
1928.67048317279
1520.56959445348
1084.90068219808
1119.17200033966
3312.73329233879
1840.50998758278
1014.94690880942
1263.96427807768
1122.41877606184
1137.26289406726
1158.83515679518
1031.65972785741
1184.42375781975
1968.30645482131
2111.25989677631
1056.31242154602
2031.39354967795
1646.31643167181
1186.64346200896
1005.96420780196
1532.50577279691
1083.73415729714
1225.412923884
1057.94839987715
1313.6440269782
1191.73787223019
1831.17358305924
2711.33925503122
1413.07334351267
1456.68337150695
1245.60377804159
1289.80689736023
1717.98280946219
1270.11157744435
1146.56837540841
1268.71122947642
6011.36806430682
1100.49503959456
1029.14789809902
6153.0057355918
1182.53767351344
1299.84898832825
1309.8613771855
1078.77685064186
1813.61485760491
1375.83242523032
1432.4556018033
1077.81326858521
1013.40030344216
1319.57860300943
1828.49299776056
1982.75619035371
1102.10565455172
1054.67631301886
1367.67849035182
1162.61871023552
4432.77711719899
1228.43546143964
1259.40066560695
3395.6534120201
2500.2844249492
3003.42549167752
2209.36995921789
1305.02696822095
1633.98460539734
1224.30513562015
2252.80025449315
1007.70185004136
1664.17995023675
1570.18902709794
1555.1863617313
1508.30581583677
1360.83817460805
1421.62127128557
2593.551584842
1377.65369839889
1840.2413008791
1365.53138603624
1097.76006014881
1074.58678630189
1161.79439978377
1112.33589869553
2485.76506770611
2132.75219743441
1146.2690905129
1278.91374553628
1413.8996536596
1174.47902872106
1204.00209186182
2142.84284181357
1589.25286909976
1047.65648780105
1055.1314941963
1432.76468346656
1692.81003590452
1780.96694718574
1922.57275021697
1228.42658128159
2098.03281283572
2634.6172424827
1017.56470223564
2320.48793204598
1529.47902275285
1553.19832017029
1089.04848025412
1339.74077444279
1440.79217422429
1228.79147137327
2775.15226209433
1463.69759360032
1052.29477123483
1128.85044154063
24301.8636171794
1467.88428887031
1359.24948714163
2638.93856638653
1097.23735450469
1300.22954588587
1676.8166238098
1424.36089300821
4220.73944111324
3386.18369649746
1529.13702966793
1228.01710397118
1794.03936718344
4305.11654817999
1156.5422052072
1234.33662216374
1134.28755598579
1016.02463835767
1265.09532399879
1123.37428373161
2351.59542456295
4135.35401486587
1098.34976428318
1076.37046692239
2195.78528011965
3421.64000741499
1086.87328298164
1185.66400364141
1008.96411391994
1321.12551305269
1178.22937638814
2506.24200425634
5742.34547663378
1287.89930711755
2576.26129254274
1456.34769177951
1278.95181094079
2106.80608300856
1022.44995421004
1161.792263952
1547.70573802843
1105.99983594887
1564.73882406875
1253.58706538062
1957.51361458641
1284.60172018051
1129.08600148802
1391.55441240714
2903.77825842913
1137.97785162123
7000.51974715266
1499.52483066681
1131.600614909
3014.62557122314
1533.84201865855
2622.88670407164
3476.55636232263
1237.51542645475
2211.21668499544
1540.98869495931
3303.53600703418
1496.96389046926
2085.34945421565
1071.67525984619
1091.06069977598
1228.05210131437
1056.83181966842
1031.17088800973
1134.12485473882
1503.75963451323
1538.14261097689
1138.80123155162
1280.03243478937
1846.23866764458
1368.76151593245
4364.68096598201
1156.32074470035
1093.34660597352
1360.36789198541
1126.70180894325
3217.38033833281
1131.11612507248
1989.73551348373
1381.30712918596
1205.45462793903
1012.13619732852
1136.70481600485
1247.13787210376
1840.43172970751
2998.8071622453
1403.21394643088
1211.12820027268
1017.9191035212
1269.53464351122
1897.74577319666
3651.56387968414
1667.00670647201
1258.52553395199
1157.28602110196
1124.09390551345
1030.78474736342
2040.85341066378
1267.44183146108
1025.45823590115
1142.02289256616
1400.64353058607
2099.65067457695
2424.80979257816
1675.10307203451
1838.19923216415
1908.69551903316
1029.10084293612
1209.05643464144
1195.87548643545
1459.42973712572
2798.26969109349
1354.59492754196
1169.709339241
1416.18282934158
1044.63098960276
1189.97908173304
1005.96435443217
2354.22505369626
2051.05301412718
5189.68435272597
2441.10634166834
1179.5906834092
1225.49112929229
1236.76550076134
1602.49573298948
1071.94736280186
1266.44148370563
1180.16125184376
2304.09774851154
1138.63493157384
1022.16108244442
1911.91883168336
1237.20601573278
1472.39511633348
1203.14836455011
2369.48512099802
1230.09955659884
1363.10598334621
2516.26679694596
1205.98799107208
1444.64363927846
1588.38835397395
2729.20207984271
2038.3766001854
1378.08037991511
1386.15127224219
1221.90064322403
1761.01579076697
3450.80055593327
1466.70839034854
1060.86145956181
1847.51852071502
1207.69643384521
2550.41757627743
2543.87904368609
1883.42804387936
1734.03536654115
1136.86659278271
5180.35647105847
1479.07053474307
1846.86269287851
3817.49135037398
1300.47590786376
1682.87321446542
1063.23721330858
1005.88416134632
1164.22323826709
1404.61673550428
1307.33604755475
1787.4784914409
1269.14336596529
1509.90038231196
1188.75233861072
2128.83338517035
1552.06761382983
2818.08532936624
1284.23030561782
1420.87779689047
1658.82801196142
1261.85038416227
1266.02358480856
1080.2661619611
1785.59324630409
1049.99503307361
2184.33184002012
1169.23354185632
1062.56373249694
1238.50767479376
2208.55488119601
1974.10160193541
1477.77724987399
1658.27506549239
1171.46997127034
1221.2976837937
1029.92566249261
1989.35560891287
1061.48795708788
1293.42565413223
1131.13466052019
1481.16179164222
1306.26981237236
3540.18243457491
4822.22324219029
1007.2016793004
1045.696470437
4087.9089497488
1375.39504159824
1041.43434014284
1329.23848597851
2009.15883093451
9201.27577160408
1033.75883278082
1106.49734200926
1446.15906366032
1357.72241668368
3605.52752052083
1123.21027725227
3462.59393418444
1143.4403003605
1637.70536539849
1119.69722312936
1468.02243966009
1496.0103189179
1308.87691750157
1766.28274707729
1042.7896224398
1066.59133256448
1092.83864640762
1327.00011891106
1160.4449421196
1125.40120357668
1010.31742393277
1276.31730726375
1128.38429221568
1419.71282011158
1075.56094271083
1345.38064635619
2536.0176311498
1999.27224620589
1527.32199385647
1961.66495394163
1297.84687257457
2066.9049656018
2054.01147190859
1268.71595445079
1174.50381807515
1315.81778207284
1788.61266365716
1459.83613441197
2840.8825883582
1089.07003890272
1075.24813414569
1072.66387399017
1256.29589770498
1148.18757122907
1190.54549337716
1587.19301545173
1406.24431663464
1566.15254913194
1054.79424091635
1392.6135562869
1838.62141874018
1385.60165658103
1241.67811250638
1007.06274273489
1422.64023982159
1345.90808496655
1372.6413623682
1078.57998491964
2914.52980436529
1164.95111264286
1288.71554358425
1223.6557003976
1285.30311249584
2874.45679791848
1411.44047194602
1002.5158154636
1091.89702535061
1028.18637654206
1785.18005292793
1172.95436570073
1007.44186008719
1844.41592080632
1448.79249785824
1189.82338077221
1373.4949483037
1089.31777249276
1211.25202774917
1045.78161128638
1473.35201804463
2238.3316184275
1863.95845476824
1000.59606761019
1498.75176633589
1116.26059381642
1051.13026133205
1584.62940273092
1345.06490901873
2181.18708837676
1167.55380231411
1004.44486600325
1293.1447625405
1307.70575842407
1152.93894488388
1147.2777640106
1063.24918916475
1217.54217542884
1585.72069457667
2075.82009249766
3280.47098273039
2254.43977970869
3078.13033947524
1621.50137742076
1236.94619392616
1036.53714444891
1092.11625678089
1739.50402464445
1095.79025205542
1019.38282626765
1640.43206891958
1022.8238162604
1049.73872543945
8348.75009566489
1585.52277814915
1630.36874239842
2538.93284886317
1102.74154453392
1012.00608830207
1139.59460157204
1479.2557388769
2998.2207589529
1011.20552260992
1152.63521868406
1254.36717305836
4150.01522076966
1037.37343966683
1143.35240733533
2150.85266582312
1229.97491171683
1035.39094647364
1038.3152721251
1341.66406384494
1043.00291349898
1315.12282213327
1133.21147634808
2041.45463564857
1218.02123207357
1162.24082420585
1297.12990546002
1064.16886527974
1485.02712272874
1165.99042729845
1059.57951608937
1033.50884974919
1339.10745181139
1369.23530220064
1003.02885775957
1288.26837194777
1009.37535878632
1325.54819498306
1038.69942850594
1258.30831289897
1536.8008894317
1650.60801214902
1263.23408557936
2547.85901317847
1405.99453868658
1789.56250523189
2093.69677652198
1369.32960374855
1082.35119881341
2582.96956736822
1037.41035728926
1032.43647799863
3905.65284545235
1511.59838319198
1410.62090957629
1253.45891868488
2165.37507172138
1123.90503524425
1760.07704251766
1779.5403581425
2020.8928058087
3182.34092742685
1252.53093265574
1206.28516819465
1153.60423148107
1631.87434277033
1841.07154605254
1339.21935333949
1294.80700473033
1669.8682038534
1237.88200580122
1113.11801349477
1078.19113097116
1633.7566757787
1462.15431259561
1150.99348268122
1004.92394410419
1607.62649815567
1011.59068709153
1028.99616386936
1865.46212596797
1925.23356490311
1338.55294401174
1362.52505937824
1060.30152281185
1669.11555246867
2142.02536304479
1066.30802561782
1052.60012054954
1608.74362093913
1074.90839427068
2123.31660351563
1035.5606002449
1509.79071114554
1363.29107555899
4326.27287570202
4270.79879728886
1827.31890957521
3285.81617309857
1677.30788477142
1064.94885754258
1228.95680096732
1374.6669600241
1135.43588613727
1119.32464755036
1038.54550016555
1012.42590608006
1398.08573124427
2621.89752357855
1147.20545261205
1143.93952480719
1841.86862716804
1201.23584001262
1194.22097906227
1583.88516627641
1207.81684374703
3253.3215813979
1068.11689097975
1575.62055477977
1274.70857195643
8969.19884137929
1099.84892682551
1177.12737038266
3465.7321022295
1640.16760870005
1317.77771425029
1183.67080430366
1093.08095020869
1539.82426445318
1399.89277614345
1427.33703512761
1267.90540253275
1351.59794267377
1867.28132831296
1253.61279320206
1034.91480233603
1249.99816983618
1949.77252678986
1061.41247888049
2270.40994850966
1163.06931657293
1074.53182375916
1149.00936778271
1303.59882601108
3076.33973218995
1726.76916388537
1887.31051898884
1035.16271052713
1479.61385155224
1298.4407634706
1632.74553366432
1259.58629325869
1654.3540456115
1141.61526893046
1825.06777114573
1673.1068660477
1028.83345239278
1050.28929777003
1433.24662262741
1508.67443770687
1314.03310749822
2533.14991778536
1120.49689683787
3398.37143097037
1459.35455504426
1394.21509088437
1357.79937423412
1624.09078490116
8481.82249507492
1107.35200909311
1572.23377807827
1230.38682527682
1474.68674444781
2518.07100277979
1133.05938292915
2061.42266014162
1929.81788454339
2175.18311675078
1892.10501505826
1693.15078253952
1086.81750050061
1860.40251777788
1137.64920227642
1439.82536533005
1117.42052691892
1162.36315561702
4498.51555111074
1181.3569191262
1751.5948125501
1178.42211556836
1086.52426530501
1725.66774226049
1909.71849406284
1057.29648061008
1665.83290078628
1818.59952018822
1772.44677388203
1707.89318010449
1201.12374228305
1249.68208692166
1869.25950850867
1260.38210775113
1689.50805850015
1148.87427557381
1555.6005285035
1813.21713552864
1096.63824021948
1722.67973678835
1208.38844175351
1818.451338404
1393.10787886812
1371.18724676065
1288.0798802425
1040.24512020221
1384.59452118691
1142.70215848973
4799.31518588384
1017.9932546829
1494.40907414951
1568.27183410879
1401.71383696441
1631.90709996005
1010.29193780917
1194.14719068823
1008.10772764871
1157.56145849042
1210.04966277902
1144.62779750919
1180.92504252044
1059.96859896872
1034.78334827416
1816.86146886108
1023.13576428907
1749.40194791258
1295.35066719449
1404.00758117086
5080.78528326894
1159.23616143681
1352.29413255726
1219.82932023718
1122.41805222308
1317.23941803268
2113.65949162827
1186.47078034533
1214.70965884825
2247.38790256375
1879.93297050188
1371.35632017549
1095.71511186235
1781.84730915896
1032.81703342719
1017.12766934114
1394.22619698328
2017.13254274182
1140.4300572946
1455.65483335075
1987.810125939
1396.79897154246
1547.11036501118
1117.05604874453
1168.64113395411
1195.69484152422
1148.16841999132
1685.04847431701
2232.85252964247
1762.92788943474
1276.62724997373
1200.19629251684
1233.03747988576
2274.21029720032
1243.75439619673
1524.45395796997
1143.51798642848
1094.30189636289
6635.41483443715
1055.70719329936
1104.21693827083
2427.89676638126
1005.92523705632
1427.16540243152
1500.9076780127
2297.63977444842
2285.94223233307
1105.05560535215
27840.4953706258
2942.53364311707
2385.56635483276
2584.4424510665
1208.97962480674
1003.27379968156
1566.16006439762
1612.05132728388
1779.59769627474
1192.05017931191
1337.47457859454
1117.44197795829
1407.78667305106
3029.94143839935
1110.77459303733
3617.7494590063
1139.340178832
1266.30104399532
1047.59329352072
1528.56324273292
1459.82314147855
1041.53547427079
1094.96399878107
1420.49953570247
1604.42403642922
1100.32326832918
1208.66696158388
1360.10488457453
1606.08996056272
1203.93037183656
1060.82399961511
4198.01478644611
1043.00670311223
1016.33667759164
1601.9741012286
1239.78182974943
1019.47963003234
1588.04056530079
1700.48454684477
1893.96485890549
1742.65729590557
2373.43609151092
1318.92956046415
1054.98391592892
1008.78825013582
1587.87580269003
1248.10421842729
1185.34802560084
1538.87728320671
1186.66075942595
1014.65573022622
7530.66816307484
1280.2793244522
1133.96472315131
1409.08567641227
1380.18742809324
1017.15183619262
1021.73978657531
1358.68959808409
1330.89504698632
1659.27155081986
2810.34731113878
1945.97422515989
1521.1825285243
1324.44809917473
1227.94727166919
1297.21426895932
1342.40028074346
1401.29776263514
1731.14792821495
1005.1223495672
2785.14849197938
1441.83266596068
1301.92491097748
1043.85788492469
1165.48697164689
1628.45449556116
1553.48856492278
1189.94936431932
2943.44664433051
1049.10423857658
1280.95242351234
1595.90701572512
1146.13318608528
1067.3009251794
1006.73091872889
1753.69996448826
1067.46092381161
1117.052658485
1954.17383713757
1234.8996566318
1711.15254050692
1849.23362258763
3266.85628079208
1833.16694965406
1311.67332281204
1068.23285031508
1238.33673684377
1265.22557517653
1926.49476236953
1695.3310219064
1160.38037361016
1180.77916230358
1356.77163344225
1486.92708077999
1059.64793998784
2647.08938679051
1142.29176904484
1078.78559515513
2082.4353173837
3635.29374676833
1371.73827003592
1197.1927051302
1332.66705772945
1001.4908743569
1149.50830238135
1252.76526603723
1347.44678214332
3358.16445865535
1095.08915331984
1007.77581484874
2154.58237617982
1130.42406497088
1304.1984946986
1060.85011776984
1544.90811440695
1677.17174749558
1043.71509147342
3140.74723567352
1165.86480978164
1293.3271060356
1107.17973748967
1119.66750614379
1312.01999847559
1036.01546587468
1137.1636512152
2129.26520077567
1485.39735443365
2078.32510083319
1271.40903139905
1747.42317785295
1157.74374348973
1145.49420203776
1805.76210152185
1127.73604869503
1626.75060644365
1809.1312137706
5599.16373210007
1144.61842656353
1005.52251876186
3393.09339460255
1306.81632589358
1840.2066606731
1396.74967824096
1065.87142132385
1189.92942959936
2050.36841023213
1445.17818581616
9855.56327690802
1023.83039242265
1088.19025278685
1931.79363878441
1163.50772394582
1038.54153702766
1230.34523078703
1220.48719664858
1473.38969002304
1227.01720064667
1522.15150916613
1387.76982960196
3616.92007080762
1599.98234759529
1119.10769451227
1513.2631711099
1024.28880206786
3461.14873543039
1935.99945634157
1126.22034062819
1832.83698817274
1481.43407729157
2384.79358683315
1660.86322109702
1043.23050998407
1018.27268684947
1640.52367164506
1184.79440682115
1727.82734593388
1415.04196018352
3382.53849200757
1315.68702883964
1074.21819284954
1101.04580733114
1798.15719691576
1022.43887441458
1018.0617890913
1337.14360817259
1352.50521662806
1043.26495796984
1447.44860481877
1606.14806923473
1017.85186126374
1304.66856546315
1326.30601723914
2161.17026091247
1074.22365853136
2038.40460253815
2063.09541615684
1036.71958295895
1235.24010345259
1997.17075309459
1023.4462513663
2245.31283079557
1007.6090448228
1228.16722722106
1148.00877565061
1075.71808210725
3541.55739548472
1084.70565895328
1120.29731308827
1263.07065017146
3393.18501797723
1157.49184506325
1400.81958079306
1080.44982300116
2116.20626023187
4067.63754600215
1398.51488824732
1201.82356875291
2167.30266744332
1955.39939500551
1105.63950051769
1045.53859678149
1235.95840843402
1655.10403987588
1133.53580714086
1041.0898961028
2150.85338068715
1542.90798562744
1403.49323823773
1006.83270854911
1190.77092996588
1312.46017171599
1365.31350460023
1360.90031970249
1593.57155676709
1342.71210763085
2261.65984170054
1563.01064880209
1549.99071449836
1173.59322971127
1185.96008157362
1389.62733330977
2385.55988309627
1095.37599398258
1629.18450222775
1439.35563020026
2188.20120846704
1837.75112348133
1058.50775079015
1202.86966412329
1329.92130623181
1799.54764245257
5456.18322803603
1317.14322110831
1090.7637776381
1417.52065567422
3456.99634326217
1030.22491491124
1383.00722409428
1904.09827476212
1897.83360808877
1421.50356198184
1260.24369306276
2297.92867518217
2390.98206044187
1682.37914554006
1016.0294500962
1206.27073607217
1269.94227450362
1422.72753036421
2530.9644382041
1065.21827198873
1119.12859875376
1630.30074410477
1485.39913187977
1134.00797818729
1125.62326974591
1709.978576845
1320.32774870819
1114.83918474709
1090.48130698226
1629.19158111274
1074.42356205896
1171.69111403397
1022.37210287439
1279.39228508829
1157.6786172004
2167.50352280626
1015.2934908122
1119.76919532529
1148.7840344738
1487.60688567662
2986.86457801256
1057.4533922574
2450.8452320569
2581.68978445435
1356.95567762743
1863.79359081039
3209.04810012448
5463.44161150933
1678.0381392292
1541.42874445781
1145.59740228815
1207.14645238582
1115.43158885562
1009.64878603215
1483.32301729848
1010.5875663576
1070.05748966297
1878.02598019871
1596.92003617327
2562.69428700915
1288.14329706856
2111.22506524055
1250.68216855027
1123.77872216029
2110.68870835011
1261.46817129463
1013.71514856673
1366.08708329035
1287.88594317486
2867.09793486488
1229.19706235129
4055.02831525144
1008.10434576327
1074.0231506768
1868.69777342679
1054.23568811199
1121.23426767011
1063.32073382076
1288.69740843975
1339.54231842569
1440.20905877103
1288.96091333964
7821.9568879045
1663.78283751012
1993.92294457246
1945.47429585891
2547.64882058167
1086.89828425589
1388.84988547902
1115.42123275472
3752.0369675874
2642.06762019741
1721.46575394778
1029.63661771433
1442.23410051498
1131.52244675701
1009.78909908185
1519.94396765174
1011.24619293773
1915.29338054183
1102.36914331477
2751.22758178074
1227.2715172933
1018.5611502037
1172.48813801643
1418.61223343393
1946.17801673843
1053.43105021028
1040.37438205714
1013.47487893406
1203.61776194029
1935.25145944284
1712.68628144539
1041.71996434952
1620.20245458668
1026.64222465846
1682.14302354444
1001.27872874715
1762.58634225895
1121.89539737949
5476.05804107058
1927.0302193258
1265.17163872204
5431.19612016722
1227.14314597673
1261.45583548642
1259.77274586783
1967.61347683203
1092.33226480434
1061.23035827893
1046.45947075103
1908.12899107155
1101.30535685537
1345.3066859401
1128.12899767777
1040.28960336363
1181.9996061191
1724.86143469868
1452.12613940592
1184.14027269835
1882.74364197292
1015.19032380749
1935.54522673451
1657.14993070423
1110.12674912937
2898.90407348909
1002.26781315077
1600.15296386393
1197.02899400609
1830.41122613188
1749.85063121925
1357.33684299374
3456.71343046112
1181.8057504893
1491.0125125191
1067.60266418251
2517.80009878605
1009.64832082856
1213.49418356902
1172.61182715033
1821.49646234715
1136.49046104349
1127.72612069525
1697.84425856297
1962.33838344223
1079.22670500624
1029.8564097849
2367.61723385837
1132.86330117061
1362.71169053291
1460.87665948334
