12.0924916310536
14.1814241930128
17.8652355966866
17.9290150558565
13.3691813975035
26.6199607888038
15.6074394714895
15.4288384741773
12.4551870306968
12.0772634078353
11.5082074109711
11.4477611730502
14.1610529293784
19.7094976299163
17.4795342419904
18.6758040135699
12.6131160497667
29.6338270587906
23.4824539433955
13.5459441455873
28.0725459379577
13.8232255467906
12.5196290955837
16.0252429247583
11.5000151678289
12.2806391835169
13.4274105388779
15.9768003257381
11.6446258364827
23.3127805183912
14.3711251816838
21.7404902441132
11.498994540316
20.6023300186776
13.9872474331152
51.6474552216965
21.2582254351578
22.454797049587
11.422228701905
11.4012304157886
14.1158480221761
36.1235350813523
15.5672930370169
13.3045895179077
13.0150160619894
14.8344035556838
13.2861212442826
12.4988245651208
13.4198075080767
27.0932854466458
26.4901163067413
23.2220580989246
48.0656984496211
12.8080628608334
16.8942579341592
13.6548049300318
28.5657015642512
13.7754043040872
16.6243868834074
11.9151828363448
42.0107184390272
12.7936040755783
13.5720907792257
11.5133274133519
14.3604206675118
15.8175622039376
13.4385909183755
13.6399566574685
74.8005099018515
39.6405875524711
14.0603435961591
18.3155079758382
12.1350702379144
17.3300824516699
32.7045356594253
11.849785772126
14.6642160045727
29.9558982795358
14.4123464606191
12.0909521124033
22.6843814508553
27.2150132637833
17.8567771850013
18.3852016835437
12.4928118689956
27.6600382009521
16.0952607165324
18.5171872789814
12.6025620910432
12.5113080905179
11.4426973198706
15.4497788767815
31.0984362632655
15.5456292404655
26.5801140631525
12.2827082283149
26.3195979951527
17.5952284461813
16.4607745071047
12.8571300014967
12.9679729971627
71.990878447478
13.2583044145122
45.825167196519
12.3638957780379
14.9292531026939
25.0213293363811
20.5821205343828
20.4000522380091
12.0579762754561
15.7528685097784
17.5682419249378
12.4552885071415
20.1203707806283
15.8477183892971
12.762526124662
12.1784956717484
11.5253296783242
20.1107327999018
13.2732418488853
21.4873180840217
17.3778019732794
16.5962567931164
11.5513693527554
14.5893313469961
11.8796021928147
14.0170522506221
11.7672576771486
27.1597766242781
11.3861122592244
19.4907711649695
14.5047455713536
11.956549172433
17.0981687627871
11.8862430745873
19.6219725922815
13.6793060659271
12.6646452134161
12.0669463846183
12.4501421858084
20.105653100327
16.4676208876592
22.3871800302188
14.2576207390339
15.3857266562917
18.4651572427287
18.9774520389422
29.9493000876758
15.0011269610503
13.3176698928691
14.2453309910563
11.613071730004
14.038818611205
13.5732288624617
11.8354996249699
19.2537143149817
11.591116652229
14.4471944584175
22.0175188555173
25.5985226595998
37.1073717284077
24.9838808342593
11.6226930167431
19.262686091168
12.1360842218089
12.2555672115781
20.7582233727433
42.8082626171691
18.8479435394514
29.2734949203028
11.9973770879652
12.503703709038
11.6632772200184
21.2275341030463
43.6054216112069
16.278676478799
24.7187900934104
16.7020226401746
14.1667956830563
12.8218024394292
14.0080097109157
14.3372913899852
17.0003779273863
15.5468907328356
12.0707050178722
13.6273251385418
15.2064630465799
11.9968873338153
19.2354102248838
22.7879414427458
18.7449660511962
11.5226134745267
13.5224749407217
14.3324664887665
11.4348089181081
69.4960846225479
13.976915852576
19.231754375503
27.4556271912952
18.113027320599
14.4311554561154
23.4056211676173
55.4029570611896
17.4202659778054
12.1260805999059
27.2301060019567
24.8251156709884
14.1721702305641
14.6931104239286
14.5430303857961
17.8453661125352
11.3025047598976
37.3648825231515
18.0504930774737
11.8063705830733
12.1318863556115
19.0754603491866
21.3239169698989
14.1906764958186
11.3681152215809
24.988718278549
36.0522319636427
12.3107630709158
14.7743280936623
13.2209347970086
11.4342312524691
36.0734346204349
14.2996007654898
61.4220107436524
21.6018237127047
16.8187631092348
18.0828672857872
14.596445542904
35.8654144193753
15.6159467347557
18.5574079884458
14.2651938932897
11.7860149622236
12.1095959207415
14.3385008089576
43.7331303679244
11.3153190520105
50.5879951903223
13.9414229420302
12.0898577116324
12.1294348552924
25.9913523739933
12.2211398436457
33.4862972092446
22.8044717712753
79.9889088804509
15.0128387825297
12.2952875650819
14.586556614104
20.8910024901051
15.7825016505815
18.7794643213612
18.2221329485559
12.977553457423
14.1774337514507
20.5050323020523
14.3068008413634
12.7760328957772
16.6554780481696
38.6281860139428
23.0378906468886
45.9717935362326
19.4172066506169
15.468393537459
38.5103313388152
12.8901993487089
12.3747425038727
11.6689656521848
13.9399623627905
56.094192311394
15.8198388189845
11.8991404687452
12.8128050662135
13.1295250635855
12.3537114144368
11.3240282386345
18.0490585001019
12.2405043377745
11.4308679955567
12.8772991281766
12.4573796695379
18.4934860585709
13.3958820864574
14.3303231616986
28.8554067496119
11.8380968642422
11.8939567858474
11.5924361444634
12.5730904422818
11.4813498127829
29.7159744643123
13.5059672797493
39.0843706651266
16.4336904958159
23.9633740235027
11.3515417603711
17.7966792629031
25.0565508406665
11.9327152183768
14.6082345444947
21.2392389532702
46.1402316473198
12.322505428126
11.4353841744363
14.6050613285205
56.0765187394119
12.8953158619883
15.8770085700961
22.1349247993893
13.6066987580558
13.0772651839374
26.4633874416428
19.6337984094035
11.3576528836794
13.5589428598427
13.1600883844647
11.4162104372438
18.3900165922876
19.256707760105
15.6054612192993
11.3970378724091
19.7705137675908
26.9159837217633
12.5574936216861
12.0224727133237
25.8522563502256
30.490790760613
23.6859846915865
11.9858943609738
27.3189128757132
13.4680504306844
11.9402317182351
15.4495909715726
16.0658921264381
33.1711280636816
14.1225628465997
13.709787627598
53.6753035756434
27.7984178953782
15.5701569776389
11.3514153886504
14.3940286340565
20.6706273635201
19.7411309280418
12.9771106125295
13.6057799303541
14.33137345226
14.4284976032589
13.5663022693372
30.1935837521417
14.5600045465143
13.3732787255477
13.4821008251703
14.0701487655626
11.8572302361183
11.5304049280752
16.3948095568547
31.0528096943037
18.4306308695452
26.6048471922045
25.5759924923577
14.6428849292126
18.6327545112577
16.6922562800481
14.0406859175441
98.3277586687999
50.5583683989497
12.6170347666574
44.3900090438818
14.2944242191374
12.9422155841305
12.0325024907145
13.0466759359195
12.2133265469813
17.894578547743
16.4914534004871
16.6297662828056
11.4728264411546
22.415355303735
14.0678901483287
27.8435264817556
13.4576642748713
12.0917488469064
11.8298009581485
20.8804052416137
49.5360462742048
14.9513455194292
14.4511514904942
34.002771011548
29.0316705201968
22.6927819046363
11.9314207062376
12.8437447795378
34.5329822351983
18.7794379490879
14.0481451008897
20.2659080895114
47.5965400499367
12.1995888323145
15.9702176517966
35.334568985383
12.5090111489409
11.8632562432983
28.2770805759083
22.9547797020761
15.1437972719616
15.2039136748124
14.2478721561061
13.4743815840776
14.5512360904835
15.8447128620419
14.6952260563794
12.0320981306271
42.628011595755
36.1343527491531
16.2100329059232
15.2149505667381
16.6623652549033
78.1602036321839
27.7406165330362
18.3086884850018
34.8444840364608
13.1550463403629
16.1032106800858
17.8467406361026
21.3218540001479
57.3751076123857
30.788876910093
13.8001581394495
12.0022745434838
17.156272740946
11.4417870397191
15.9892921220118
11.5917068375341
30.8145925686327
16.8852678217196
12.2207827838146
14.6386489001175
21.0891295621538
14.6216295932584
15.6717839507678
13.4376795103528
13.9397308407223
17.6002044316325
15.5878025350492
11.9345517245056
31.5440911770812
12.4218941307301
15.8284318022544
16.0917638704525
101.748665277251
11.95956123058
17.9740265492352
13.1598607268021
14.1254912629029
20.7899749254186
14.3550695720187
15.7059781790743
32.4633253687368
21.0416774556313
32.8852526923318
11.9058710084459
38.4280557037783
12.556806101618
12.8503639426737
23.2183558256904
11.5180059073558
17.0143379468618
12.0099204859602
27.4924413757865
13.8845521878848
43.2573769885191
14.1754032327619
16.3723602372851
15.6859327248473
18.7487043660143
13.275768547087
30.5260749727934
12.9363646359069
11.6292840155781
37.5625095794723
11.4949387623839
15.0561433073474
12.2603005055899
12.0884920947421
18.3273770898939
16.661171788809
39.7461924100624
13.3725576790443
11.6425047593745
12.0107276019262
70.4079474387956
14.7823612224218
13.562562326927
11.6723782692404
19.6777240119093
13.0105956944679
16.2968701163051
21.9154471144941
45.1949836962107
16.490262539188
25.5026016788796
12.4812833766809
16.8348857607217
13.113916959106
12.9724008169081
16.0766012323124
21.9528726964938
11.6877811802216
13.8220430710103
15.8427133769475
15.2561246191195
14.0507848327817
16.4393698481301
13.2086965447676
11.3037482245002
12.5712460545359
16.451611838749
15.6393354199553
11.9815596684152
32.4798061405724
15.6440287674885
12.6343626146461
18.0984644660089
16.9756505629785
12.2695406002797
24.4926047086452
18.3569354159234
17.7936532356581
45.5823004187083
14.9612394497258
11.3311807485153
17.3368405449503
12.6089118347028
12.2036194125188
11.7181767695483
13.5534149066242
11.3107092445864
11.8652354929572
18.1484403574905
17.0020983436024
25.5989089290141
16.666452014408
14.8388314707884
19.8408772620848
15.0271181043547
17.2151636509437
15.8240128651528
25.5253179341024
14.944706802179
28.1280954409355
14.7523009346008
11.6431002814423
13.1191507019424
17.7077978656732
12.781618446205
14.783574105396
14.8936196871697
11.8037773808943
15.2677344800219
12.4885495794087
22.0160815544089
12.4056559086942
14.255947045226
14.0156431306439
14.1300912760239
28.8575397917973
11.808581672795
13.9179223357902
24.2885072598463
12.975522763876
21.9972285544612
47.6232243963213
12.7192214568098
11.5465080528543
18.0476454265625
12.524895688836
18.8995649615363
25.9178761888569
14.4228462222501
11.9413364323905
11.5089326269718
11.3633227330562
17.3572819842648
22.2040300055027
17.4166933217693
30.4380405571797
11.8625196285587
11.7100530887915
12.5488410620866
11.8529968422776
22.3503745974269
25.0447117344761
21.558380246661
15.7968573537763
13.2786547302345
13.0475350791719
27.7199660264516
11.3580679593385
25.7959138763065
18.0572162324941
32.9784544591793
13.1046179565386
12.8554974488025
12.2318335547946
17.4220346457026
12.7585470171233
16.4207844057254
15.2675967646426
24.0346686145571
14.9939806305223
12.3338189313344
16.6761937721982
11.7808530117638
39.9193396237367
12.0465364165154
23.5661114620954
21.4778177806291
25.3468479154601
13.2926220331878
11.3702398180923
12.4103867707836
12.0835319645145
11.3085608490208
21.7204057021458
26.934706233267
14.1046976502333
13.2333178774227
16.4523243221264
16.3344401809099
45.49710662749
16.751056691273
13.797298896353
12.9060131956801
21.6375873753421
29.7544001168608
24.6522232870198
21.6717174395558
15.4003102116301
11.7032502232965
25.0480221952082
11.5314591592104
31.7246393057042
15.1498466003019
19.0764563987265
12.4308182475063
18.1914376381847
55.352314274146
17.7197017906519
54.0572298389307
12.9046754799767
15.665089616151
14.5439934804557
15.7975148851943
13.4658170950642
12.6795818155285
11.7981251449476
12.9515272766686
15.6606915732854
11.4147213636931
16.7107358525048
13.4009266178955
28.2633344365082
13.1701263259571
12.6504866042595
14.1310858028415
17.894335052517
14.4684852960644
14.5521823003885
19.0171091853413
17.8639594305897
28.3562350223328
12.9752752487808
11.4906792609616
15.2136090061396
16.9244353707831
13.649722603455
24.091468599753
14.4363160749665
19.7411415634872
20.5863291843935
17.9184163780385
13.8687862230047
13.0356616974735
13.5983764462082
11.8820772059463
12.2579139263276
13.5405247614216
12.2037922690306
12.9759348954423
14.6389062112491
16.4686629283812
17.0084080057414
14.06215030648
22.4042353825901
13.3279991592369
13.7987742550177
11.9221291535583
26.8372946171285
11.5335372193322
13.7558698890932
15.8030208361126
12.3283264080381
13.3359862506216
19.057988393614
12.411722285783
11.8718155028233
20.7107620061182
15.1570127780023
11.4725933561533
19.236632114231
12.9666904257113
13.8118971699023
14.0160179667158
96.5760800308432
12.7733233778866
12.4163834204424
14.1065585942045
33.3278447106978
28.5655782770639
19.9680282278175
11.9078457666244
12.956003912658
14.5932910386636
15.651744682189
23.1052315138083
13.9569560090493
13.6658842386915
20.2192458236838
13.3658657826861
12.0707243609135
23.3307560559807
11.3481954094212
12.7834432829422
12.1117970351704
12.6405493102696
19.8004411598103
14.1364054306668
17.3880502142084
11.7233023344556
17.0237529188398
13.5420283192292
11.7408805850058
13.4075813315091
15.1626297318048
13.9546846101446
14.9310520713554
15.232459571611
13.2442934442226
21.3099972472493
12.1679718628264
23.4083752922418
18.9570344922805
13.290171023005
12.3070266005312
11.6548277161154
16.4440197894248
11.7667009837432
46.8781953381088
12.8259998074759
13.6286819277099
18.9615313566111
14.0707900391106
11.8787909222324
16.9765276599696
13.8896343062486
16.0054362013483
22.9312301076899
16.7865087672521
12.6799648486919
13.1430941063316
22.9649659441255
15.6887053760198
47.0618343380161
13.4911308575775
29.674547285363
18.7115585148237
26.9370447079112
16.9847034013897
21.375945020427
15.3421760414004
20.7219767187505
20.190463660727
18.0569801350724
18.3722945530337
11.8499612483434
15.8895800459364
12.8931391845723
28.7293881208621
12.6839984834679
15.9341180250126
13.6300288147808
18.2411571896669
16.6126057603783
11.5560984845702
12.287330832416
14.9776918840826
11.3453855498076
18.7100072676757
11.9478536867161
12.1647944617589
14.6005254103796
15.4726261770595
12.8294204808309
11.6256259894656
15.8519537034315
46.3508511866314
16.3715688193817
14.0144598536486
34.0665736696053
18.5145795217541
12.6327400164654
17.3470731947673
12.1106783737201
11.8767148083473
13.061969568432
14.1655628845336
15.9524958197719
19.3048657713845
82.3917179595869
21.6584757210102
12.0881537110079
13.009097284334
22.8485865484163
11.8614433120624
18.6262899522835
13.2447987135821
15.7140414165091
18.2798601296366
15.3980270485622
11.3537645710272
17.7969144084058
18.6225597706924
11.9110955374295
15.1114958327879
11.6830095078554
28.4429794072274
15.1932213828287
14.6702194844575
12.5779911044769
11.5009818054681
12.7902789555814
11.3071328003768
12.0327750342783
13.0726925480047
11.3797138086531
11.6580196240855
12.2831816284564
14.9634615127522
19.7431152381519
13.5360452570603
15.7154368209142
15.9206949729578
37.0920311444419
11.5155742616854
69.6550614662293
13.3936034233768
13.1975267427287
18.5001406298884
12.2976952793695
18.511092036493
11.7306099442518
22.9852818570791
12.9495613289576
25.8777731757305
11.3858236894781
13.737085146468
12.8911024436344
19.044936563307
12.7938475475406
15.8189286276917
11.3219941484399
14.534259978074
15.2575106459662
14.083374178016
12.951644731964
20.9792902686584
12.5425474084796
22.5823578110324
13.4307258483822
16.425416450356
11.4963826765019
41.2262614882057
33.5749592143787
16.9088991689593
23.8884068569082
11.3226750889983
12.6807404625553
16.0971722427044
20.5091473125867
12.1495480853657
15.4624089439535
11.6085489576457
55.9441489826583
25.023239502723
11.8859056033767
30.9217122577167
17.7609124636924
12.0965219746535
11.3372687323686
23.1260889405097
11.8569388092484
27.6616960431742
11.3110611040599
14.2195900868718
11.8722371152699
12.8475072811919
12.1077684820498
17.3890454422189
13.4260083464589
13.9069725654039
23.6380646156426
27.7628684563305
38.1588392034035
15.9810687121382
14.3517626327181
15.1621288057122
20.8303389078869
16.1451941285514
12.8861514545358
11.6048249390049
21.692264591284
16.6362656696525
12.1884479088488
25.0360497591138
47.8291290750789
15.2944466225236
50.5813297902578
15.5591032231138
18.2089088933345
11.6691928421139
30.5790329085698
19.8545297836415
12.8946195686855
25.5715033264976
11.756673180922
16.399495078015
11.4295925254193
15.3257281253153
50.3115113737475
16.337783450143
23.2626019837989
17.3762336902128
11.8558581172035
15.1556490937137
11.5593908446267
15.485099805898
11.7071795884284
13.5346489651924
17.4936437037861
14.3455465445691
36.5249101734493
28.5498559870889
11.3920712594425
16.0828512974111
17.4289400194961
30.3502108477151
12.7464334704098
27.2648640040165
121.042560355683
11.4304277199752
12.6749067474304
12.8141128055467
24.4337198432585
37.1478460295322
14.7693005644688
31.2243063408702
14.4484672706847
14.4783434683968
16.6227315416687
13.7067267073024
24.0160684480768
11.351583544264
12.0608298016403
14.7313599242749
46.8160393548747
20.9596724198667
38.7237400344789
17.9867098555228
12.3030469621089
17.3816844974182
11.672853572967
12.7334700670196
15.4311752649195
15.2528884234652
12.7561528075763
11.8676888301048
24.7468725577035
15.4287518940449
15.717902351974
16.6062816071132
13.6617356266098
12.0133941037694
26.3984970610891
27.4716297416318
